Array count,Array size,Sorter,Time
10,8,own sorting network,5115800
10,8,openmp sorting network,3700
10,8,sequential sorting network,3200
10,8,std::sort,3100
20,8,own sorting network,15296000
20,8,openmp sorting network,10600
20,8,sequential sorting network,10000
20,8,std::sort,8600
30,8,own sorting network,31217600
30,8,openmp sorting network,21000
30,8,sequential sorting network,19800
30,8,std::sort,16100
40,8,own sorting network,53207600
40,8,openmp sorting network,33500
40,8,sequential sorting network,32800
40,8,std::sort,25900
50,8,own sorting network,79128200
50,8,openmp sorting network,50100
50,8,sequential sorting network,49600
50,8,std::sort,38000
60,8,own sorting network,109666400
60,8,openmp sorting network,69600
60,8,sequential sorting network,68100
60,8,std::sort,52100
70,8,own sorting network,145878500
70,8,openmp sorting network,92300
70,8,sequential sorting network,90700
70,8,std::sort,69100
80,8,own sorting network,186544500
80,8,openmp sorting network,118300
80,8,sequential sorting network,116200
80,8,std::sort,88000
90,8,own sorting network,233050200
90,8,openmp sorting network,146100
90,8,sequential sorting network,143900
90,8,std::sort,109300
100,8,own sorting network,282236200
100,8,openmp sorting network,177200
100,8,sequential sorting network,174400
100,8,std::sort,131700
10,16,own sorting network,16108800
10,16,openmp sorting network,10700
10,16,sequential sorting network,10200
10,16,std::sort,5900
20,16,own sorting network,49001600
20,16,openmp sorting network,30900
20,16,sequential sorting network,30100
20,16,std::sort,17400
30,16,own sorting network,98560700
30,16,openmp sorting network,59400
30,16,sequential sorting network,59000
30,16,std::sort,34800
40,16,own sorting network,164085500
40,16,openmp sorting network,97400
40,16,sequential sorting network,103600
40,16,std::sort,57000
50,16,own sorting network,245070200
50,16,openmp sorting network,145300
50,16,sequential sorting network,151500
50,16,std::sort,84400
60,16,own sorting network,344289900
60,16,openmp sorting network,202100
60,16,sequential sorting network,208600
60,16,std::sort,116500
70,16,own sorting network,463355700
70,16,openmp sorting network,268600
70,16,sequential sorting network,274600
70,16,std::sort,154300
80,16,own sorting network,596107100
80,16,openmp sorting network,343800
80,16,sequential sorting network,348700
80,16,std::sort,206400
90,16,own sorting network,744822100
90,16,openmp sorting network,427800
90,16,sequential sorting network,433700
90,16,std::sort,255100
100,16,own sorting network,912441300
100,16,openmp sorting network,521200
100,16,sequential sorting network,527800
100,16,std::sort,308500
10,24,own sorting network,39029100
10,24,openmp sorting network,19400
10,24,sequential sorting network,19400
10,24,std::sort,12000
20,24,own sorting network,117334100
20,24,openmp sorting network,67900
20,24,sequential sorting network,77900
20,24,std::sort,39600
30,24,own sorting network,232769900
30,24,openmp sorting network,123200
30,24,sequential sorting network,134800
30,24,std::sort,73600
40,24,own sorting network,389524800
40,24,openmp sorting network,197200
40,24,sequential sorting network,208900
40,24,std::sort,127400
50,24,own sorting network,579413800
50,24,openmp sorting network,288200
50,24,sequential sorting network,299400
50,24,std::sort,181300
60,24,own sorting network,809500700
60,24,openmp sorting network,398200
60,24,sequential sorting network,408600
60,24,std::sort,245300
70,24,own sorting network,1087341300
70,24,openmp sorting network,529600
70,24,sequential sorting network,537400
70,24,std::sort,320400
80,24,own sorting network,1443062700
80,24,openmp sorting network,680900
80,24,sequential sorting network,694300
80,24,std::sort,406800
90,24,own sorting network,1825145500
90,24,openmp sorting network,845100
90,24,sequential sorting network,863700
90,24,std::sort,503800
100,24,own sorting network,2215554700
100,24,openmp sorting network,1027900
100,24,sequential sorting network,1046300
100,24,std::sort,632400
10,32,own sorting network,49010900
10,32,openmp sorting network,37500
10,32,sequential sorting network,27200
10,32,std::sort,17300
20,32,own sorting network,153499600
20,32,openmp sorting network,93300
20,32,sequential sorting network,80800
20,32,std::sort,49400
30,32,own sorting network,298514200
30,32,openmp sorting network,174000
30,32,sequential sorting network,190300
30,32,std::sort,97200
40,32,own sorting network,511506100
40,32,openmp sorting network,282200
40,32,sequential sorting network,298400
40,32,std::sort,159800
50,32,own sorting network,789464600
50,32,openmp sorting network,416500
50,32,sequential sorting network,434300
50,32,std::sort,239000
60,32,own sorting network,1125154500
60,32,openmp sorting network,575500
60,32,sequential sorting network,680000
60,32,std::sort,343300
70,32,own sorting network,1472565900
70,32,openmp sorting network,863100
70,32,sequential sorting network,871700
70,32,std::sort,450500
80,32,own sorting network,1865428400
80,32,openmp sorting network,1071000
80,32,sequential sorting network,1081400
80,32,std::sort,572500
90,32,own sorting network,2303048300
90,32,openmp sorting network,1304100
90,32,sequential sorting network,1323500
90,32,std::sort,710400
100,32,own sorting network,2792689600
100,32,openmp sorting network,1564700
100,32,sequential sorting network,1583800
100,32,std::sort,889300
10,40,own sorting network,83795100
10,40,openmp sorting network,42000
10,40,sequential sorting network,43700
10,40,std::sort,21900
20,40,own sorting network,251379800
20,40,openmp sorting network,122500
20,40,sequential sorting network,125300
20,40,std::sort,65400
30,40,own sorting network,499771400
30,40,openmp sorting network,242500
30,40,sequential sorting network,249100
30,40,std::sort,135700
40,40,own sorting network,835748000
40,40,openmp sorting network,407300
40,40,sequential sorting network,448900
40,40,std::sort,217000
50,40,own sorting network,1253354200
50,40,openmp sorting network,606900
50,40,sequential sorting network,649900
50,40,std::sort,317800
60,40,own sorting network,1753127200
60,40,openmp sorting network,845700
60,40,sequential sorting network,899000
60,40,std::sort,442100
70,40,own sorting network,2336354600
70,40,openmp sorting network,1125300
70,40,sequential sorting network,1180500
70,40,std::sort,598100
80,40,own sorting network,3003082900
80,40,openmp sorting network,1440900
80,40,sequential sorting network,1505900
80,40,std::sort,759600
90,40,own sorting network,3749156800
90,40,openmp sorting network,1836600
90,40,sequential sorting network,1871200
90,40,std::sort,940900
100,40,own sorting network,4575934600
100,40,openmp sorting network,2259900
100,40,sequential sorting network,2269700
100,40,std::sort,1144200
10,48,own sorting network,101714300
10,48,openmp sorting network,51600
10,48,sequential sorting network,51800
10,48,std::sort,25600
20,48,own sorting network,305705700
20,48,openmp sorting network,151500
20,48,sequential sorting network,152000
20,48,std::sort,77900
30,48,own sorting network,608982900
30,48,openmp sorting network,300600
30,48,sequential sorting network,302100
30,48,std::sort,155400
40,48,own sorting network,1007706800
40,48,openmp sorting network,501400
40,48,sequential sorting network,503200
40,48,std::sort,258800
50,48,own sorting network,1504003300
50,48,openmp sorting network,756000
50,48,sequential sorting network,754700
50,48,std::sort,386600
60,48,own sorting network,2099653700
60,48,openmp sorting network,1051700
60,48,sequential sorting network,1053300
60,48,std::sort,560400
70,48,own sorting network,2802546400
70,48,openmp sorting network,1415000
70,48,sequential sorting network,1402800
70,48,std::sort,745100
80,48,own sorting network,3602274200
80,48,openmp sorting network,1821900
80,48,sequential sorting network,2097700
80,48,std::sort,958300
90,48,own sorting network,4475884900
90,48,openmp sorting network,2266200
90,48,sequential sorting network,2555400
90,48,std::sort,1184900
100,48,own sorting network,5461724400
100,48,openmp sorting network,2755200
100,48,sequential sorting network,3054600
100,48,std::sort,1437000
10,56,own sorting network,110488000
10,56,openmp sorting network,60600
10,56,sequential sorting network,60900
10,56,std::sort,31600
20,56,own sorting network,331492500
20,56,openmp sorting network,180900
20,56,sequential sorting network,181600
20,56,std::sort,94900
30,56,own sorting network,660707200
30,56,openmp sorting network,359900
30,56,sequential sorting network,361100
30,56,std::sort,188600
40,56,own sorting network,1098046500
40,56,openmp sorting network,604500
40,56,sequential sorting network,598700
40,56,std::sort,312200
50,56,own sorting network,1642453400
50,56,openmp sorting network,901100
50,56,sequential sorting network,903900
50,56,std::sort,465500
60,56,own sorting network,2290146700
60,56,openmp sorting network,1259100
60,56,sequential sorting network,1278300
60,56,std::sort,650400
70,56,own sorting network,3049074500
70,56,openmp sorting network,1672800
70,56,sequential sorting network,1701100
70,56,std::sort,865300
80,56,own sorting network,3915224700
80,56,openmp sorting network,2145800
80,56,sequential sorting network,2183000
80,56,std::sort,1108000
90,56,own sorting network,4873545800
90,56,openmp sorting network,2733000
90,56,sequential sorting network,2764700
90,56,std::sort,1409400
100,56,own sorting network,5962986000
100,56,openmp sorting network,3328600
100,56,sequential sorting network,3367300
100,56,std::sort,1716800
10,64,own sorting network,124711300
10,64,openmp sorting network,79500
10,64,sequential sorting network,72300
10,64,std::sort,36600
20,64,own sorting network,377021400
20,64,openmp sorting network,230600
20,64,sequential sorting network,215800
20,64,std::sort,110500
30,64,own sorting network,750853100
30,64,openmp sorting network,443800
30,64,sequential sorting network,430700
30,64,std::sort,219700
40,64,own sorting network,1255697200
40,64,openmp sorting network,725700
40,64,sequential sorting network,724400
40,64,std::sort,363400
50,64,own sorting network,1906769200
50,64,openmp sorting network,1083900
50,64,sequential sorting network,1076100
50,64,std::sort,550500
60,64,own sorting network,2685259700
60,64,openmp sorting network,1503600
60,64,sequential sorting network,1506500
60,64,std::sort,764700
70,64,own sorting network,3594466500
70,64,openmp sorting network,1994500
70,64,sequential sorting network,2009400
70,64,std::sort,1015500
80,64,own sorting network,4636562900
80,64,openmp sorting network,2564100
80,64,sequential sorting network,2572700
80,64,std::sort,1309100
90,64,own sorting network,5801992800
90,64,openmp sorting network,3206900
90,64,sequential sorting network,3203900
90,64,std::sort,1631400
100,64,own sorting network,7091409500
100,64,openmp sorting network,3907400
100,64,sequential sorting network,3912200
100,64,std::sort,2000000
10,72,own sorting network,193966600
10,72,openmp sorting network,96900
10,72,sequential sorting network,98400
10,72,std::sort,42800
20,72,own sorting network,579143100
20,72,openmp sorting network,296800
20,72,sequential sorting network,290200
20,72,std::sort,127000
30,72,own sorting network,1150147500
30,72,openmp sorting network,579900
30,72,sequential sorting network,582900
30,72,std::sort,251300
40,72,own sorting network,1910789900
40,72,openmp sorting network,957400
40,72,sequential sorting network,971200
40,72,std::sort,422200
50,72,own sorting network,2837140200
50,72,openmp sorting network,1430600
50,72,sequential sorting network,1437800
50,72,std::sort,630400
60,72,own sorting network,3982607100
60,72,openmp sorting network,2001200
60,72,sequential sorting network,2003100
60,72,std::sort,889200
70,72,own sorting network,5320765700
70,72,openmp sorting network,2655200
70,72,sequential sorting network,2666200
70,72,std::sort,1180600
80,72,own sorting network,6858933400
80,72,openmp sorting network,3580500
80,72,sequential sorting network,3556800
80,72,std::sort,1546100
90,72,own sorting network,8548131300
90,72,openmp sorting network,4431100
90,72,sequential sorting network,4458000
90,72,std::sort,1943500
100,72,own sorting network,10465677600
100,72,openmp sorting network,5373900
100,72,sequential sorting network,5408300
100,72,std::sort,2362400
10,80,own sorting network,206652400
10,80,openmp sorting network,107500
10,80,sequential sorting network,107600
10,80,std::sort,49000
20,80,own sorting network,620546900
20,80,openmp sorting network,320600
20,80,sequential sorting network,322000
20,80,std::sort,155500
30,80,own sorting network,1252340800
30,80,openmp sorting network,635200
30,80,sequential sorting network,639000
30,80,std::sort,372800
40,80,own sorting network,2098782600
40,80,openmp sorting network,1058500
40,80,sequential sorting network,1077800
40,80,std::sort,563400
50,80,own sorting network,3136312400
50,80,openmp sorting network,1584400
50,80,sequential sorting network,1615600
50,80,std::sort,800500
60,80,own sorting network,4395925100
60,80,openmp sorting network,2218300
60,80,sequential sorting network,2271300
60,80,std::sort,1082500
70,80,own sorting network,5865795400
70,80,openmp sorting network,2961700
70,80,sequential sorting network,3016900
70,80,std::sort,1411000
80,80,own sorting network,7535462400
80,80,openmp sorting network,4191000
80,80,sequential sorting network,4090600
80,80,std::sort,1862900
90,80,own sorting network,9387234600
90,80,openmp sorting network,5137600
90,80,sequential sorting network,5080600
90,80,std::sort,2285200
100,80,own sorting network,11517112000
100,80,openmp sorting network,6233500
100,80,sequential sorting network,6202400
100,80,std::sort,2812100
10,88,own sorting network,226449300
10,88,openmp sorting network,130400
10,88,sequential sorting network,120900
10,88,std::sort,54000
20,88,own sorting network,693795500
20,88,openmp sorting network,368200
20,88,sequential sorting network,380400
20,88,std::sort,162800
30,88,own sorting network,1392525500
30,88,openmp sorting network,743600
30,88,sequential sorting network,739800
30,88,std::sort,334200
40,88,own sorting network,2311605800
40,88,openmp sorting network,1214500
40,88,sequential sorting network,1238800
40,88,std::sort,546400
50,88,own sorting network,3461411700
50,88,openmp sorting network,1826200
50,88,sequential sorting network,1846300
50,88,std::sort,815800
60,88,own sorting network,4858931800
60,88,openmp sorting network,2550000
60,88,sequential sorting network,2607400
60,88,std::sort,1154200
70,88,own sorting network,6490741100
70,88,openmp sorting network,3416000
70,88,sequential sorting network,3557900
70,88,std::sort,1609400
80,88,own sorting network,8370083800
80,88,openmp sorting network,4359200
80,88,sequential sorting network,4504900
80,88,std::sort,2037800
90,88,own sorting network,10496643800
90,88,openmp sorting network,5425300
90,88,sequential sorting network,5579700
90,88,std::sort,2556600
100,88,own sorting network,12817899100
100,88,openmp sorting network,6598700
100,88,sequential sorting network,6802500
100,88,std::sort,3134400
10,96,own sorting network,248091900
10,96,openmp sorting network,190900
10,96,sequential sorting network,152000
10,96,std::sort,83900
20,96,own sorting network,744218300
20,96,openmp sorting network,450300
20,96,sequential sorting network,420400
20,96,std::sort,202100
30,96,own sorting network,1512423700
30,96,openmp sorting network,858300
30,96,sequential sorting network,826200
30,96,std::sort,387700
40,96,own sorting network,2561070800
40,96,openmp sorting network,1406100
40,96,sequential sorting network,1376100
40,96,std::sort,667300
50,96,own sorting network,3829896300
50,96,openmp sorting network,2107200
50,96,sequential sorting network,2072500
50,96,std::sort,972500
60,96,own sorting network,5347354900
60,96,openmp sorting network,2954400
60,96,sequential sorting network,2853700
60,96,std::sort,1318900
70,96,own sorting network,7147458700
70,96,openmp sorting network,3859500
70,96,sequential sorting network,3748700
70,96,std::sort,1760800
80,96,own sorting network,9192647100
80,96,openmp sorting network,4969500
80,96,sequential sorting network,4925300
80,96,std::sort,2247600
90,96,own sorting network,11442741200
90,96,openmp sorting network,6176300
90,96,sequential sorting network,6232900
90,96,std::sort,2836400
100,96,own sorting network,13989023100
100,96,openmp sorting network,7489900
100,96,sequential sorting network,7559200
100,96,std::sort,3438300
10,104,own sorting network,277473100
10,104,openmp sorting network,162100
10,104,sequential sorting network,158600
10,104,std::sort,68500
20,104,own sorting network,827645200
20,104,openmp sorting network,450000
20,104,sequential sorting network,452700
20,104,std::sort,199400
30,104,own sorting network,1660561700
30,104,openmp sorting network,943500
30,104,sequential sorting network,907800
30,104,std::sort,403100
40,104,own sorting network,2782180300
40,104,openmp sorting network,1545100
40,104,sequential sorting network,1520000
40,104,std::sort,694300
50,104,own sorting network,4175957600
50,104,openmp sorting network,2261700
50,104,sequential sorting network,2232200
50,104,std::sort,1013200
60,104,own sorting network,5813655300
60,104,openmp sorting network,3155100
60,104,sequential sorting network,3156300
60,104,std::sort,1427800
70,104,own sorting network,7449546500
70,104,openmp sorting network,4425700
70,104,sequential sorting network,4386200
70,104,std::sort,1981800
80,104,own sorting network,9621424900
80,104,openmp sorting network,5642700
80,104,sequential sorting network,5673200
80,104,std::sort,2583000
90,104,own sorting network,12145878200
90,104,openmp sorting network,6979700
90,104,sequential sorting network,6974800
90,104,std::sort,3186400
100,104,own sorting network,14886836900
100,104,openmp sorting network,8486700
100,104,sequential sorting network,8571100
100,104,std::sort,3909300
10,112,own sorting network,268892000
10,112,openmp sorting network,158500
10,112,sequential sorting network,157600
10,112,std::sort,77900
20,112,own sorting network,819377000
20,112,openmp sorting network,465900
20,112,sequential sorting network,466100
20,112,std::sort,240400
30,112,own sorting network,1653525000
30,112,openmp sorting network,928900
30,112,sequential sorting network,961000
30,112,std::sort,452200
40,112,own sorting network,2740225800
40,112,openmp sorting network,1592100
40,112,sequential sorting network,1693800
40,112,std::sort,767700
50,112,own sorting network,4103217000
50,112,openmp sorting network,2367900
50,112,sequential sorting network,2491600
50,112,std::sort,1116100
60,112,own sorting network,5650629900
60,112,openmp sorting network,3299300
60,112,sequential sorting network,3447700
60,112,std::sort,1540400
70,112,own sorting network,7505164700
70,112,openmp sorting network,4395100
70,112,sequential sorting network,4528300
70,112,std::sort,2049200
80,112,own sorting network,9654208900
80,112,openmp sorting network,5625100
80,112,sequential sorting network,5869000
80,112,std::sort,2648000
90,112,own sorting network,12065761600
90,112,openmp sorting network,7143100
90,112,sequential sorting network,7491100
90,112,std::sort,3386600
100,112,own sorting network,14797461000
100,112,openmp sorting network,8683100
100,112,sequential sorting network,9033400
100,112,std::sort,4092000
10,120,own sorting network,275226100
10,120,openmp sorting network,169400
10,120,sequential sorting network,168500
10,120,std::sort,77100
20,120,own sorting network,793024200
20,120,openmp sorting network,504700
20,120,sequential sorting network,529900
20,120,std::sort,236400
30,120,own sorting network,1638040900
30,120,openmp sorting network,1049800
30,120,sequential sorting network,1046800
30,120,std::sort,463800
40,120,own sorting network,2774058900
40,120,openmp sorting network,1725100
40,120,sequential sorting network,1732100
40,120,std::sort,766000
50,120,own sorting network,4152427500
50,120,openmp sorting network,2676600
50,120,sequential sorting network,2835600
50,120,std::sort,1213000
60,120,own sorting network,5868879800
60,120,openmp sorting network,3710000
60,120,sequential sorting network,3869400
60,120,std::sort,1665800
70,120,own sorting network,7892332200
70,120,openmp sorting network,4883500
70,120,sequential sorting network,5104900
70,120,std::sort,2195900
80,120,own sorting network,10316638600
80,120,openmp sorting network,6223700
80,120,sequential sorting network,6444000
80,120,std::sort,2809700
90,120,own sorting network,13129624300
90,120,openmp sorting network,7765200
90,120,sequential sorting network,7948700
90,120,std::sort,3497500
100,120,own sorting network,15967529700
100,120,openmp sorting network,9438400
100,120,sequential sorting network,9658400
100,120,std::sort,4262500
10,128,own sorting network,289739200
10,128,openmp sorting network,181000
10,128,sequential sorting network,188300
10,128,std::sort,83700
20,128,own sorting network,867882600
20,128,openmp sorting network,573600
20,128,sequential sorting network,577300
20,128,std::sort,254000
30,128,own sorting network,1773958800
30,128,openmp sorting network,1137200
30,128,sequential sorting network,1168300
30,128,std::sort,517400
40,128,own sorting network,2999702800
40,128,openmp sorting network,1964600
40,128,sequential sorting network,2002000
40,128,std::sort,895900
50,128,own sorting network,4733045300
50,128,openmp sorting network,3050100
50,128,sequential sorting network,3091100
50,128,std::sort,1383800
60,128,own sorting network,6761722200
60,128,openmp sorting network,4433200
60,128,sequential sorting network,4489800
60,128,std::sort,2010000
70,128,own sorting network,9153967600
70,128,openmp sorting network,6056600
70,128,sequential sorting network,6179200
70,128,std::sort,2700300
80,128,own sorting network,11948432600
80,128,openmp sorting network,7907400
80,128,sequential sorting network,8017700
80,128,std::sort,3534400
90,128,own sorting network,15439608100
90,128,openmp sorting network,9809000
90,128,sequential sorting network,9937300
90,128,std::sort,4384000
100,128,own sorting network,19280824600
100,128,openmp sorting network,11916300
100,128,sequential sorting network,12191400
100,128,std::sort,5331400
10,136,own sorting network,525388100
10,136,openmp sorting network,260600
10,136,sequential sorting network,259100
10,136,std::sort,104200
20,136,own sorting network,1550381700
20,136,openmp sorting network,783600
20,136,sequential sorting network,806500
20,136,std::sort,309200
30,136,own sorting network,3102614100
30,136,openmp sorting network,1550900
30,136,sequential sorting network,1606700
30,136,std::sort,626100
40,136,own sorting network,5148245400
40,136,openmp sorting network,2600400
40,136,sequential sorting network,2649700
40,136,std::sort,1033000
50,136,own sorting network,7705472400
50,136,openmp sorting network,3889500
50,136,sequential sorting network,3956100
50,136,std::sort,1544600
60,136,own sorting network,10696139900
60,136,openmp sorting network,5403200
60,136,sequential sorting network,5463900
60,136,std::sort,2171900
70,136,own sorting network,14246148000
70,136,openmp sorting network,7279300
70,136,sequential sorting network,7340600
70,136,std::sort,2913000
80,136,own sorting network,18270045900
80,136,openmp sorting network,9355700
80,136,sequential sorting network,9424600
80,136,std::sort,3736700
90,136,own sorting network,22717219700
90,136,openmp sorting network,11600500
90,136,sequential sorting network,11756800
90,136,std::sort,4633800
100,136,own sorting network,27528933400
100,136,openmp sorting network,14188200
100,136,sequential sorting network,14335700
100,136,std::sort,5666500
10,144,own sorting network,539511000
10,144,openmp sorting network,269200
10,144,sequential sorting network,271700
10,144,std::sort,107300
20,144,own sorting network,1660813600
20,144,openmp sorting network,914400
20,144,sequential sorting network,932700
20,144,std::sort,362500
30,144,own sorting network,3281155000
30,144,openmp sorting network,1727900
30,144,sequential sorting network,1721800
30,144,std::sort,673500
40,144,own sorting network,5317311000
40,144,openmp sorting network,2770300
40,144,sequential sorting network,2765900
40,144,std::sort,1191100
50,144,own sorting network,7908622100
50,144,openmp sorting network,4181500
50,144,sequential sorting network,4083900
50,144,std::sort,1706200
60,144,own sorting network,10889208100
60,144,openmp sorting network,5723100
60,144,sequential sorting network,5620400
60,144,std::sort,2328600
70,144,own sorting network,14332669000
70,144,openmp sorting network,7714800
70,144,sequential sorting network,7636200
70,144,std::sort,3123700
80,144,own sorting network,18362512500
80,144,openmp sorting network,9813900
80,144,sequential sorting network,9742100
80,144,std::sort,3961000
90,144,own sorting network,22835558400
90,144,openmp sorting network,12241200
90,144,sequential sorting network,12397900
90,144,std::sort,4927200
100,144,own sorting network,27796835500
100,144,openmp sorting network,14776400
100,144,sequential sorting network,14944700
100,144,std::sort,5939000
10,152,own sorting network,526195900
10,152,openmp sorting network,288500
10,152,sequential sorting network,281700
10,152,std::sort,108500
20,152,own sorting network,1584993800
20,152,openmp sorting network,829100
20,152,sequential sorting network,819600
20,152,std::sort,318400
30,152,own sorting network,3173225300
30,152,openmp sorting network,1622000
30,152,sequential sorting network,1619300
30,152,std::sort,660400
40,152,own sorting network,5234081000
40,152,openmp sorting network,2703700
40,152,sequential sorting network,2681300
40,152,std::sort,1089700
50,152,own sorting network,7780868200
50,152,openmp sorting network,4024500
50,152,sequential sorting network,4157600
50,152,std::sort,1762900
60,152,own sorting network,10848933600
60,152,openmp sorting network,5568600
60,152,sequential sorting network,5734400
60,152,std::sort,2390900
70,152,own sorting network,14441006200
70,152,openmp sorting network,7373200
70,152,sequential sorting network,7584100
70,152,std::sort,3116400
80,152,own sorting network,18455170200
80,152,openmp sorting network,9435000
80,152,sequential sorting network,9668800
80,152,std::sort,3942000
90,152,own sorting network,23004399700
90,152,openmp sorting network,11736300
90,152,sequential sorting network,11968300
90,152,std::sort,4845300
100,152,own sorting network,28007034000
100,152,openmp sorting network,14282800
100,152,sequential sorting network,14793900
100,152,std::sort,5865900
10,160,own sorting network,519866500
10,160,openmp sorting network,282600
10,160,sequential sorting network,272800
10,160,std::sort,109200
20,160,own sorting network,1565145100
20,160,openmp sorting network,822200
20,160,sequential sorting network,812200
20,160,std::sort,324700
30,160,own sorting network,3029293800
30,160,openmp sorting network,1638000
30,160,sequential sorting network,1644400
30,160,std::sort,650100
40,160,own sorting network,5138762400
40,160,openmp sorting network,2690700
40,160,sequential sorting network,2726100
40,160,std::sort,1076600
50,160,own sorting network,7778714300
50,160,openmp sorting network,4055200
50,160,sequential sorting network,4099700
50,160,std::sort,1638100
60,160,own sorting network,10892622300
60,160,openmp sorting network,5708700
60,160,sequential sorting network,5729500
60,160,std::sort,2332200
70,160,own sorting network,14548547100
70,160,openmp sorting network,7586300
70,160,sequential sorting network,7575900
70,160,std::sort,3097100
80,160,own sorting network,18670827000
80,160,openmp sorting network,10009600
80,160,sequential sorting network,10007800
80,160,std::sort,4066900
90,160,own sorting network,23363839300
90,160,openmp sorting network,12607100
90,160,sequential sorting network,12437000
90,160,std::sort,5055200
100,160,own sorting network,28547974100
100,160,openmp sorting network,15868600
100,160,sequential sorting network,15686200
100,160,std::sort,6368200
10,168,own sorting network,579082100
10,168,openmp sorting network,299700
10,168,sequential sorting network,288400
10,168,std::sort,117600
20,168,own sorting network,1689121900
20,168,openmp sorting network,858300
20,168,sequential sorting network,870500
20,168,std::sort,343600
30,168,own sorting network,3330499100
30,168,openmp sorting network,1777700
30,168,sequential sorting network,1774700
30,168,std::sort,703600
40,168,own sorting network,5437065200
40,168,openmp sorting network,2985200
40,168,sequential sorting network,2976500
40,168,std::sort,1172900
50,168,own sorting network,8089985000
50,168,openmp sorting network,4559900
50,168,sequential sorting network,4554500
50,168,std::sort,1786200
60,168,own sorting network,11391641200
60,168,openmp sorting network,6289700
60,168,sequential sorting network,6260000
60,168,std::sort,2474400
70,168,own sorting network,15230134500
70,168,openmp sorting network,8285000
70,168,sequential sorting network,8232400
70,168,std::sort,3265500
80,168,own sorting network,19601946000
80,168,openmp sorting network,10578200
80,168,sequential sorting network,10546200
80,168,std::sort,4247100
90,168,own sorting network,24520185300
90,168,openmp sorting network,13374200
90,168,sequential sorting network,13340500
90,168,std::sort,5368600
100,168,own sorting network,29870609600
100,168,openmp sorting network,16613200
100,168,sequential sorting network,16341500
100,168,std::sort,6550900
10,176,own sorting network,548902000
10,176,openmp sorting network,326300
10,176,sequential sorting network,326400
10,176,std::sort,131500
20,176,own sorting network,1694249800
20,176,openmp sorting network,944600
20,176,sequential sorting network,1012100
20,176,std::sort,394700
30,176,own sorting network,3392621200
30,176,openmp sorting network,1923100
30,176,sequential sorting network,1990900
30,176,std::sort,785500
40,176,own sorting network,5571384200
40,176,openmp sorting network,3220400
40,176,sequential sorting network,3314700
40,176,std::sort,1306700
50,176,own sorting network,8466017100
50,176,openmp sorting network,4759800
50,176,sequential sorting network,4862800
50,176,std::sort,1930000
60,176,own sorting network,12021173500
60,176,openmp sorting network,6689600
60,176,sequential sorting network,6769600
60,176,std::sort,2698500
70,176,own sorting network,16227830100
70,176,openmp sorting network,8860700
70,176,sequential sorting network,8960700
70,176,std::sort,3565200
80,176,own sorting network,20869700000
80,176,openmp sorting network,11394700
80,176,sequential sorting network,11509700
80,176,std::sort,4612500
90,176,own sorting network,26206588000
90,176,openmp sorting network,14336900
90,176,sequential sorting network,14448800
90,176,std::sort,5795800
100,176,own sorting network,32087150500
100,176,openmp sorting network,17521800
100,176,sequential sorting network,17625100
100,176,std::sort,7082600
10,184,own sorting network,622559300
10,184,openmp sorting network,335500
10,184,sequential sorting network,344100
10,184,std::sort,135200
20,184,own sorting network,1879202000
20,184,openmp sorting network,1011700
20,184,sequential sorting network,1009500
20,184,std::sort,424200
30,184,own sorting network,3736858300
30,184,openmp sorting network,2011100
30,184,sequential sorting network,2037400
30,184,std::sort,826600
40,184,own sorting network,6085921300
40,184,openmp sorting network,3340400
40,184,sequential sorting network,3371800
40,184,std::sort,1428900
50,184,own sorting network,9155005200
50,184,openmp sorting network,5001600
50,184,sequential sorting network,5043400
50,184,std::sort,2173700
60,184,own sorting network,12906956600
60,184,openmp sorting network,6997900
60,184,sequential sorting network,7133300
60,184,std::sort,2985100
70,184,own sorting network,17107260200
70,184,openmp sorting network,9322800
70,184,sequential sorting network,9501000
70,184,std::sort,3933600
80,184,own sorting network,22046897300
80,184,openmp sorting network,12212900
80,184,sequential sorting network,12171500
80,184,std::sort,5014600
90,184,own sorting network,27181177200
90,184,openmp sorting network,15478100
90,184,sequential sorting network,15519000
90,184,std::sort,6342400
100,184,own sorting network,32887270900
100,184,openmp sorting network,18920100
100,184,sequential sorting network,18966500
100,184,std::sort,7714300
10,192,own sorting network,637125300
10,192,openmp sorting network,358700
10,192,sequential sorting network,373200
10,192,std::sort,142800
20,192,own sorting network,1947961900
20,192,openmp sorting network,1068200
20,192,sequential sorting network,1081000
20,192,std::sort,424500
30,192,own sorting network,3815610200
30,192,openmp sorting network,2114100
30,192,sequential sorting network,2125900
30,192,std::sort,875800
40,192,own sorting network,6335872100
40,192,openmp sorting network,3508600
40,192,sequential sorting network,3516400
40,192,std::sort,1443000
50,192,own sorting network,9478708900
50,192,openmp sorting network,5238500
50,192,sequential sorting network,5333800
50,192,std::sort,2173200
60,192,own sorting network,13213128000
60,192,openmp sorting network,7329300
60,192,sequential sorting network,7449300
60,192,std::sort,3026700
70,192,own sorting network,17534796500
70,192,openmp sorting network,9727100
70,192,sequential sorting network,9847900
70,192,std::sort,3994400
80,192,own sorting network,22575863300
80,192,openmp sorting network,12512700
80,192,sequential sorting network,12628700
80,192,std::sort,5108200
90,192,own sorting network,28365333100
90,192,openmp sorting network,15625200
90,192,sequential sorting network,15781300
90,192,std::sort,6382400
100,192,own sorting network,34745179800
100,192,openmp sorting network,19145500
100,192,sequential sorting network,19261000
100,192,std::sort,7826200
10,200,own sorting network,660083400
10,200,openmp sorting network,380600
10,200,sequential sorting network,369600
10,200,std::sort,148600
20,200,own sorting network,1985709500
20,200,openmp sorting network,1104300
20,200,sequential sorting network,1129300
20,200,std::sort,437900
30,200,own sorting network,3990376800
30,200,openmp sorting network,2213600
30,200,sequential sorting network,2239500
30,200,std::sort,884000
40,200,own sorting network,6429422600
40,200,openmp sorting network,3686900
40,200,sequential sorting network,3724500
40,200,std::sort,1463500
50,200,own sorting network,9056594400
50,200,openmp sorting network,5492400
50,200,sequential sorting network,5511900
50,200,std::sort,2195700
60,200,own sorting network,12264365600
60,200,openmp sorting network,7645900
60,200,sequential sorting network,7712100
60,200,std::sort,3060300
70,200,own sorting network,16453487900
70,200,openmp sorting network,10228600
70,200,sequential sorting network,10264600
70,200,std::sort,4070800
80,200,own sorting network,21533574900
80,200,openmp sorting network,13414800
80,200,sequential sorting network,13397400
80,200,std::sort,5328600
90,200,own sorting network,27261947400
90,200,openmp sorting network,16639900
90,200,sequential sorting network,16658100
90,200,std::sort,6633600
100,200,own sorting network,33618707600
100,200,openmp sorting network,20273700
100,200,sequential sorting network,20233400
100,200,std::sort,8111000
10,208,own sorting network,642079000
10,208,openmp sorting network,377600
10,208,sequential sorting network,408500
10,208,std::sort,157400
20,208,own sorting network,1955767500
20,208,openmp sorting network,1151200
20,208,sequential sorting network,1151600
20,208,std::sort,460900
30,208,own sorting network,3770969700
30,208,openmp sorting network,2264800
30,208,sequential sorting network,2286700
30,208,std::sort,921700
40,208,own sorting network,6277245700
40,208,openmp sorting network,3767100
40,208,sequential sorting network,3777500
40,208,std::sort,1541300
50,208,own sorting network,9581614700
50,208,openmp sorting network,5583500
50,208,sequential sorting network,5635500
50,208,std::sort,2286400
60,208,own sorting network,13610891300
60,208,openmp sorting network,7767100
60,208,sequential sorting network,7845000
60,208,std::sort,3190700
70,208,own sorting network,18119885500
70,208,openmp sorting network,10477700
70,208,sequential sorting network,10484300
70,208,std::sort,4253400
80,208,own sorting network,23397670300
80,208,openmp sorting network,13478300
80,208,sequential sorting network,13495500
80,208,std::sort,5661600
90,208,own sorting network,29344644000
90,208,openmp sorting network,16940700
90,208,sequential sorting network,17031600
90,208,std::sort,7063300
100,208,own sorting network,35278789400
100,208,openmp sorting network,20757100
100,208,sequential sorting network,20879700
100,208,std::sort,8610500
10,216,own sorting network,694199500
10,216,openmp sorting network,393000
10,216,sequential sorting network,392800
10,216,std::sort,158300
20,216,own sorting network,2117561200
20,216,openmp sorting network,1180100
20,216,sequential sorting network,1182600
20,216,std::sort,541000
30,216,own sorting network,4212086100
30,216,openmp sorting network,2375900
30,216,sequential sorting network,2411200
30,216,std::sort,1033000
40,216,own sorting network,7022279600
40,216,openmp sorting network,3996500
40,216,sequential sorting network,4028000
40,216,std::sort,1799300
50,216,own sorting network,10300765300
50,216,openmp sorting network,5989900
50,216,sequential sorting network,6030700
50,216,std::sort,2661500
60,216,own sorting network,14414901300
60,216,openmp sorting network,8583900
60,216,sequential sorting network,8490100
60,216,std::sort,3685100
70,216,own sorting network,18499784400
70,216,openmp sorting network,11364400
70,216,sequential sorting network,11325800
70,216,std::sort,4811800
80,216,own sorting network,22984766900
80,216,openmp sorting network,14603700
80,216,sequential sorting network,14530800
80,216,std::sort,6110100
90,216,own sorting network,28191378000
90,216,openmp sorting network,18074300
90,216,sequential sorting network,18036400
90,216,std::sort,7541100
100,216,own sorting network,34015169100
100,216,openmp sorting network,22083100
100,216,sequential sorting network,21923800
100,216,std::sort,9118800
10,224,own sorting network,610785900
10,224,openmp sorting network,407400
10,224,sequential sorting network,420900
10,224,std::sort,165300
20,224,own sorting network,1790665300
20,224,openmp sorting network,1219000
20,224,sequential sorting network,1230500
20,224,std::sort,493300
30,224,own sorting network,3596446600
30,224,openmp sorting network,2530300
30,224,sequential sorting network,2553900
30,224,std::sort,1051200
40,224,own sorting network,5999925500
40,224,openmp sorting network,4134200
40,224,sequential sorting network,4178800
40,224,std::sort,1716800
50,224,own sorting network,8898308700
50,224,openmp sorting network,6162600
50,224,sequential sorting network,6261400
50,224,std::sort,2534400
60,224,own sorting network,12862387400
60,224,openmp sorting network,8603200
60,224,sequential sorting network,8701700
60,224,std::sort,3527600
70,224,own sorting network,17923356400
70,224,openmp sorting network,11444500
70,224,sequential sorting network,11540400
70,224,std::sort,4686600
80,224,own sorting network,23675345500
80,224,openmp sorting network,14754100
80,224,sequential sorting network,14837100
80,224,std::sort,6008800
90,224,own sorting network,30160060400
90,224,openmp sorting network,18449100
90,224,sequential sorting network,18480300
90,224,std::sort,7496100
100,224,own sorting network,37331679700
100,224,openmp sorting network,22647500
100,224,sequential sorting network,22604400
100,224,std::sort,9175600
10,232,own sorting network,716247900
10,232,openmp sorting network,437400
10,232,sequential sorting network,447400
10,232,std::sort,175600
20,232,own sorting network,2210570200
20,232,openmp sorting network,1309000
20,232,sequential sorting network,1338800
20,232,std::sort,536200
30,232,own sorting network,4379345700
30,232,openmp sorting network,2638000
30,232,sequential sorting network,2656900
30,232,std::sort,1077300
40,232,own sorting network,7326969300
40,232,openmp sorting network,4389100
40,232,sequential sorting network,4388500
40,232,std::sort,1796000
50,232,own sorting network,11081063600
50,232,openmp sorting network,6497700
50,232,sequential sorting network,6486500
50,232,std::sort,2676400
60,232,own sorting network,15403090400
60,232,openmp sorting network,9034500
60,232,sequential sorting network,9041400
60,232,std::sort,3709700
70,232,own sorting network,19466169500
70,232,openmp sorting network,12077500
70,232,sequential sorting network,12003400
70,232,std::sort,4928100
80,232,own sorting network,25288131700
80,232,openmp sorting network,15449000
80,232,sequential sorting network,15392500
80,232,std::sort,6316200
90,232,own sorting network,32036224700
90,232,openmp sorting network,19293400
90,232,sequential sorting network,19285600
90,232,std::sort,7856900
100,232,own sorting network,39495355700
100,232,openmp sorting network,23626700
100,232,sequential sorting network,23615000
100,232,std::sort,9617700
10,240,own sorting network,761289300
10,240,openmp sorting network,446100
10,240,sequential sorting network,436400
10,240,std::sort,179000
20,240,own sorting network,2259460800
20,240,openmp sorting network,1329600
20,240,sequential sorting network,1337100
20,240,std::sort,534700
30,240,own sorting network,4602201400
30,240,openmp sorting network,2645600
30,240,sequential sorting network,2672500
30,240,std::sort,1077800
40,240,own sorting network,7660270800
40,240,openmp sorting network,4404300
40,240,sequential sorting network,4415700
40,240,std::sort,1797200
50,240,own sorting network,11401856600
50,240,openmp sorting network,6591600
50,240,sequential sorting network,6622100
50,240,std::sort,2696700
60,240,own sorting network,16031188800
60,240,openmp sorting network,9284500
60,240,sequential sorting network,9299100
60,240,std::sort,3779100
70,240,own sorting network,21036594400
70,240,openmp sorting network,12490100
70,240,sequential sorting network,12467700
70,240,std::sort,5064700
80,240,own sorting network,26797325700
80,240,openmp sorting network,16177700
80,240,sequential sorting network,16164100
80,240,std::sort,6560200
90,240,own sorting network,33565844200
90,240,openmp sorting network,20197200
90,240,sequential sorting network,20144900
90,240,std::sort,8168200
100,240,own sorting network,41016061900
100,240,openmp sorting network,24554200
100,240,sequential sorting network,24667800
100,240,std::sort,9962100
10,248,own sorting network,634248800
10,248,openmp sorting network,507000
10,248,sequential sorting network,509300
10,248,std::sort,204800
20,248,own sorting network,2213647000
20,248,openmp sorting network,1422600
20,248,sequential sorting network,1422600
20,248,std::sort,580200
30,248,own sorting network,4525242700
30,248,openmp sorting network,2824100
30,248,sequential sorting network,2856800
30,248,std::sort,1146200
40,248,own sorting network,7600603600
40,248,openmp sorting network,4651400
40,248,sequential sorting network,4702600
40,248,std::sort,1891600
50,248,own sorting network,11485014700
50,248,openmp sorting network,6922700
50,248,sequential sorting network,6990000
50,248,std::sort,2884000
60,248,own sorting network,15858278500
60,248,openmp sorting network,9630300
60,248,sequential sorting network,11281300
60,248,std::sort,3996000
70,248,own sorting network,21069397700
70,248,openmp sorting network,12897400
70,248,sequential sorting network,14530700
70,248,std::sort,5337500
80,248,own sorting network,27150532100
80,248,openmp sorting network,16626800
80,248,sequential sorting network,18335000
80,248,std::sort,6863700
90,248,own sorting network,33919100500
90,248,openmp sorting network,20791900
90,248,sequential sorting network,22444900
90,248,std::sort,8570100
100,248,own sorting network,41534824000
100,248,openmp sorting network,25368700
100,248,sequential sorting network,27009000
100,248,std::sort,10417300
10,256,own sorting network,621891400
10,256,openmp sorting network,554200
10,256,sequential sorting network,507900
10,256,std::sort,201400
20,256,own sorting network,2061457400
20,256,openmp sorting network,1494500
20,256,sequential sorting network,1462700
20,256,std::sort,591400
30,256,own sorting network,4464595300
30,256,openmp sorting network,2960000
30,256,sequential sorting network,2951400
30,256,std::sort,1183000
40,256,own sorting network,7683249300
40,256,openmp sorting network,4904600
40,256,sequential sorting network,4926400
40,256,std::sort,2004000
50,256,own sorting network,11727655300
50,256,openmp sorting network,7260900
50,256,sequential sorting network,7294800
50,256,std::sort,2962400
60,256,own sorting network,16363837100
60,256,openmp sorting network,10347400
60,256,sequential sorting network,10208000
60,256,std::sort,4167500
70,256,own sorting network,21639892400
70,256,openmp sorting network,13698100
70,256,sequential sorting network,13525100
70,256,std::sort,5512000
80,256,own sorting network,27941017200
80,256,openmp sorting network,17587200
80,256,sequential sorting network,17432200
80,256,std::sort,7087200
90,256,own sorting network,34917476000
90,256,openmp sorting network,21894600
90,256,sequential sorting network,21781200
90,256,std::sort,8816600
100,256,own sorting network,42892070600
100,256,openmp sorting network,26721300
100,256,sequential sorting network,26529800
100,256,std::sort,10872500
10,8,own sorting network,5236900
10,8,openmp sorting network,4100
10,8,sequential sorting network,4300
10,8,std::sort,3300
20,8,own sorting network,15643500
20,8,openmp sorting network,11600
20,8,sequential sorting network,11500
20,8,std::sort,9000
30,8,own sorting network,31087600
30,8,openmp sorting network,22300
30,8,sequential sorting network,21800
30,8,std::sort,16800
40,8,own sorting network,51614200
40,8,openmp sorting network,35900
40,8,sequential sorting network,36200
40,8,std::sort,26500
50,8,own sorting network,77577400
50,8,openmp sorting network,53200
50,8,sequential sorting network,54100
50,8,std::sort,39500
60,8,own sorting network,109077600
60,8,openmp sorting network,74000
60,8,sequential sorting network,75800
60,8,std::sort,53600
70,8,own sorting network,145670300
70,8,openmp sorting network,97800
70,8,sequential sorting network,99400
70,8,std::sort,70900
80,8,own sorting network,187739800
80,8,openmp sorting network,124900
80,8,sequential sorting network,125600
80,8,std::sort,90500
90,8,own sorting network,234434200
90,8,openmp sorting network,153800
90,8,sequential sorting network,154100
90,8,std::sort,112700
100,8,own sorting network,286462600
100,8,openmp sorting network,187900
100,8,sequential sorting network,187500
100,8,std::sort,136100
10,16,own sorting network,17410200
10,16,openmp sorting network,12300
10,16,sequential sorting network,12600
10,16,std::sort,6800
20,16,own sorting network,52702800
20,16,openmp sorting network,34400
20,16,sequential sorting network,35400
20,16,std::sort,18900
30,16,own sorting network,106171700
30,16,openmp sorting network,67000
30,16,sequential sorting network,68000
30,16,std::sort,37000
40,16,own sorting network,176786300
40,16,openmp sorting network,110000
40,16,sequential sorting network,110300
40,16,std::sort,61900
50,16,own sorting network,264590500
50,16,openmp sorting network,161200
50,16,sequential sorting network,162300
50,16,std::sort,90900
60,16,own sorting network,371070200
60,16,openmp sorting network,223400
60,16,sequential sorting network,226000
60,16,std::sort,126500
70,16,own sorting network,495237400
70,16,openmp sorting network,295500
70,16,sequential sorting network,299000
70,16,std::sort,167800
80,16,own sorting network,635114100
80,16,openmp sorting network,384400
80,16,sequential sorting network,380100
80,16,std::sort,213800
90,16,own sorting network,791839900
90,16,openmp sorting network,476700
90,16,sequential sorting network,472500
90,16,std::sort,266200
100,16,own sorting network,966616000
100,16,openmp sorting network,576600
100,16,sequential sorting network,573200
100,16,std::sort,322200
10,24,own sorting network,38853700
10,24,openmp sorting network,21200
10,24,sequential sorting network,21000
10,24,std::sort,12500
20,24,own sorting network,116221700
20,24,openmp sorting network,61800
20,24,sequential sorting network,61200
20,24,std::sort,36100
30,24,own sorting network,233791500
30,24,openmp sorting network,123000
30,24,sequential sorting network,122100
30,24,std::sort,71200
40,24,own sorting network,390518900
40,24,openmp sorting network,203400
40,24,sequential sorting network,202300
40,24,std::sort,117900
50,24,own sorting network,586177800
50,24,openmp sorting network,301000
50,24,sequential sorting network,301500
50,24,std::sort,174800
60,24,own sorting network,817291800
60,24,openmp sorting network,421900
60,24,sequential sorting network,421800
60,24,std::sort,244300
70,24,own sorting network,1088497200
70,24,openmp sorting network,557700
70,24,sequential sorting network,558000
70,24,std::sort,434700
80,24,own sorting network,1400236800
80,24,openmp sorting network,717900
80,24,sequential sorting network,718100
80,24,std::sort,527000
90,24,own sorting network,1753308800
90,24,openmp sorting network,925700
90,24,sequential sorting network,897800
90,24,std::sort,630500
100,24,own sorting network,2145439300
100,24,openmp sorting network,1160300
100,24,sequential sorting network,1092500
100,24,std::sort,740600
10,32,own sorting network,51146300
10,32,openmp sorting network,30400
10,32,sequential sorting network,31700
10,32,std::sort,17100
20,32,own sorting network,153429400
20,32,openmp sorting network,88400
20,32,sequential sorting network,90900
20,32,std::sort,51900
30,32,own sorting network,319930600
30,32,openmp sorting network,182200
30,32,sequential sorting network,187300
30,32,std::sort,107100
40,32,own sorting network,539935400
40,32,openmp sorting network,298500
40,32,sequential sorting network,305100
40,32,std::sort,175100
50,32,own sorting network,804778900
50,32,openmp sorting network,439500
50,32,sequential sorting network,448300
50,32,std::sort,258900
60,32,own sorting network,1115358300
60,32,openmp sorting network,644600
60,32,sequential sorting network,617400
60,32,std::sort,355300
70,32,own sorting network,1476761200
70,32,openmp sorting network,850400
70,32,sequential sorting network,810800
70,32,std::sort,469800
80,32,own sorting network,1891067900
80,32,openmp sorting network,1075000
80,32,sequential sorting network,1037900
80,32,std::sort,601500
90,32,own sorting network,2360135000
90,32,openmp sorting network,1328200
90,32,sequential sorting network,1292600
90,32,std::sort,758100
100,32,own sorting network,2879135500
100,32,openmp sorting network,1610300
100,32,sequential sorting network,1590100
100,32,std::sort,922900
10,40,own sorting network,90005900
10,40,openmp sorting network,46900
10,40,sequential sorting network,45800
10,40,std::sort,22800
20,40,own sorting network,265647600
20,40,openmp sorting network,145300
20,40,sequential sorting network,140100
20,40,std::sort,66100
30,40,own sorting network,538110700
30,40,openmp sorting network,275100
30,40,sequential sorting network,269400
30,40,std::sort,129800
40,40,own sorting network,892276000
40,40,openmp sorting network,451500
40,40,sequential sorting network,446600
40,40,std::sort,238200
50,40,own sorting network,1338904200
50,40,openmp sorting network,667300
50,40,sequential sorting network,670200
50,40,std::sort,345200
60,40,own sorting network,1877729200
60,40,openmp sorting network,921000
60,40,sequential sorting network,925900
60,40,std::sort,472100
70,40,own sorting network,2502537500
70,40,openmp sorting network,1227700
70,40,sequential sorting network,1233800
70,40,std::sort,624000
80,40,own sorting network,3218945900
80,40,openmp sorting network,1580100
80,40,sequential sorting network,1573200
80,40,std::sort,792500
90,40,own sorting network,4020578700
90,40,openmp sorting network,1957900
90,40,sequential sorting network,1950000
90,40,std::sort,989300
100,40,own sorting network,4911336600
100,40,openmp sorting network,2401400
100,40,sequential sorting network,2384100
100,40,std::sort,1216100
10,48,own sorting network,106959200
10,48,openmp sorting network,57500
10,48,sequential sorting network,56200
10,48,std::sort,27600
20,48,own sorting network,321124000
20,48,openmp sorting network,166300
20,48,sequential sorting network,163600
20,48,std::sort,92500
30,48,own sorting network,639957600
30,48,openmp sorting network,326300
30,48,sequential sorting network,321900
30,48,std::sort,172400
40,48,own sorting network,1068111500
40,48,openmp sorting network,553400
40,48,sequential sorting network,540000
40,48,std::sort,282700
50,48,own sorting network,1606039500
50,48,openmp sorting network,833600
50,48,sequential sorting network,809900
50,48,std::sort,420100
60,48,own sorting network,2251394400
60,48,openmp sorting network,1149300
60,48,sequential sorting network,1134800
60,48,std::sort,580700
70,48,own sorting network,3003969100
70,48,openmp sorting network,1526100
70,48,sequential sorting network,1522600
70,48,std::sort,767900
80,48,own sorting network,3859205800
80,48,openmp sorting network,1951700
80,48,sequential sorting network,1938800
80,48,std::sort,979500
90,48,own sorting network,4817293000
90,48,openmp sorting network,2428200
90,48,sequential sorting network,2409200
90,48,std::sort,1218000
100,48,own sorting network,5872748300
100,48,openmp sorting network,2946800
100,48,sequential sorting network,2938400
100,48,std::sort,1487800
10,56,own sorting network,123389200
10,56,openmp sorting network,68200
10,56,sequential sorting network,89600
10,56,std::sort,33000
20,56,own sorting network,372319900
20,56,openmp sorting network,198900
20,56,sequential sorting network,219200
20,56,std::sort,98600
30,56,own sorting network,729758000
30,56,openmp sorting network,405600
30,56,sequential sorting network,431800
30,56,std::sort,203600
40,56,own sorting network,1226851400
40,56,openmp sorting network,666700
40,56,sequential sorting network,692900
40,56,std::sort,350300
50,56,own sorting network,1843033200
50,56,openmp sorting network,1021700
50,56,sequential sorting network,1020300
50,56,std::sort,515900
60,56,own sorting network,2579031300
60,56,openmp sorting network,1400800
60,56,sequential sorting network,1412600
60,56,std::sort,709700
70,56,own sorting network,3429622700
70,56,openmp sorting network,1855100
70,56,sequential sorting network,1897000
70,56,std::sort,940600
80,56,own sorting network,4405716200
80,56,openmp sorting network,2358300
80,56,sequential sorting network,2411800
80,56,std::sort,1213800
90,56,own sorting network,5503837500
90,56,openmp sorting network,2920300
90,56,sequential sorting network,2988400
90,56,std::sort,1501300
100,56,own sorting network,6721186300
100,56,openmp sorting network,3553000
100,56,sequential sorting network,3622200
100,56,std::sort,1822500
10,64,own sorting network,135669100
10,64,openmp sorting network,80500
10,64,sequential sorting network,86000
10,64,std::sort,38900
20,64,own sorting network,416921700
20,64,openmp sorting network,237700
20,64,sequential sorting network,243200
20,64,std::sort,118100
30,64,own sorting network,837215200
30,64,openmp sorting network,463400
30,64,sequential sorting network,468600
30,64,std::sort,232600
40,64,own sorting network,1391851400
40,64,openmp sorting network,778000
40,64,sequential sorting network,787200
40,64,std::sort,389100
50,64,own sorting network,2084481300
50,64,openmp sorting network,1275100
50,64,sequential sorting network,1171100
50,64,std::sort,591700
60,64,own sorting network,2930279800
60,64,openmp sorting network,1733000
60,64,sequential sorting network,1643100
60,64,std::sort,823100
70,64,own sorting network,3905030000
70,64,openmp sorting network,2268100
70,64,sequential sorting network,2178900
70,64,std::sort,1102400
80,64,own sorting network,5025590500
80,64,openmp sorting network,2900400
80,64,sequential sorting network,2797200
80,64,std::sort,1404000
90,64,own sorting network,6355506700
90,64,openmp sorting network,3578700
90,64,sequential sorting network,3466200
90,64,std::sort,1752700
100,64,own sorting network,7722024400
100,64,openmp sorting network,4331500
100,64,sequential sorting network,4223200
100,64,std::sort,2127400
10,72,own sorting network,208597800
10,72,openmp sorting network,103200
10,72,sequential sorting network,102200
10,72,std::sort,44800
20,72,own sorting network,619875300
20,72,openmp sorting network,302900
20,72,sequential sorting network,311300
20,72,std::sort,132300
30,72,own sorting network,1240444700
30,72,openmp sorting network,608800
30,72,sequential sorting network,628000
30,72,std::sort,266800
40,72,own sorting network,2063942400
40,72,openmp sorting network,1027100
40,72,sequential sorting network,1068700
40,72,std::sort,449900
50,72,own sorting network,3105808000
50,72,openmp sorting network,1525900
50,72,sequential sorting network,1569800
50,72,std::sort,681300
60,72,own sorting network,4344974500
60,72,openmp sorting network,2136800
60,72,sequential sorting network,2169700
60,72,std::sort,947300
70,72,own sorting network,5736596200
70,72,openmp sorting network,2842200
70,72,sequential sorting network,2876800
70,72,std::sort,1252100
80,72,own sorting network,7273474100
80,72,openmp sorting network,3651000
80,72,sequential sorting network,3675000
80,72,std::sort,1605100
90,72,own sorting network,9000833500
90,72,openmp sorting network,4576900
90,72,sequential sorting network,4578200
90,72,std::sort,1994500
100,72,own sorting network,11057284800
100,72,openmp sorting network,5580200
100,72,sequential sorting network,5577000
100,72,std::sort,2426800
10,80,own sorting network,225767900
10,80,openmp sorting network,130100
10,80,sequential sorting network,115000
10,80,std::sort,57200
20,80,own sorting network,672311300
20,80,openmp sorting network,346100
20,80,sequential sorting network,330200
20,80,std::sort,161800
30,80,own sorting network,1342867700
30,80,openmp sorting network,663700
30,80,sequential sorting network,709300
30,80,std::sort,304900
40,80,own sorting network,2244408100
40,80,openmp sorting network,1108500
40,80,sequential sorting network,1159400
40,80,std::sort,503100
50,80,own sorting network,3402160900
50,80,openmp sorting network,1667700
50,80,sequential sorting network,1729700
50,80,std::sort,746400
60,80,own sorting network,4783951100
60,80,openmp sorting network,2342200
60,80,sequential sorting network,2390800
60,80,std::sort,1043000
70,80,own sorting network,6387168700
70,80,openmp sorting network,3125000
70,80,sequential sorting network,3172400
70,80,std::sort,1396200
80,80,own sorting network,8206745300
80,80,openmp sorting network,4027800
80,80,sequential sorting network,4067600
80,80,std::sort,1787500
90,80,own sorting network,10126411800
90,80,openmp sorting network,5130500
90,80,sequential sorting network,5093400
90,80,std::sort,2240200
100,80,own sorting network,12299615300
100,80,openmp sorting network,6304500
100,80,sequential sorting network,6258700
100,80,std::sort,2748700
10,88,own sorting network,238062700
10,88,openmp sorting network,133700
10,88,sequential sorting network,131900
10,88,std::sort,57800
20,88,own sorting network,733857900
20,88,openmp sorting network,386300
20,88,sequential sorting network,391100
20,88,std::sort,169600
30,88,own sorting network,1470756300
30,88,openmp sorting network,758400
30,88,sequential sorting network,772100
30,88,std::sort,336800
40,88,own sorting network,2452649000
40,88,openmp sorting network,1253900
40,88,sequential sorting network,1275300
40,88,std::sort,556800
50,88,own sorting network,3657980700
50,88,openmp sorting network,1910600
50,88,sequential sorting network,1921900
50,88,std::sort,853000
60,88,own sorting network,5125538100
60,88,openmp sorting network,2658100
60,88,sequential sorting network,2668900
60,88,std::sort,1187400
70,88,own sorting network,6838543100
70,88,openmp sorting network,3536900
70,88,sequential sorting network,3538700
70,88,std::sort,1573800
80,88,own sorting network,8847831800
80,88,openmp sorting network,4551000
80,88,sequential sorting network,4529100
80,88,std::sort,2017300
90,88,own sorting network,11110473600
90,88,openmp sorting network,5806500
90,88,sequential sorting network,5787900
90,88,std::sort,2572700
100,88,own sorting network,13633474000
100,88,openmp sorting network,7098500
100,88,sequential sorting network,7118300
100,88,std::sort,3132500
10,96,own sorting network,274328700
10,96,openmp sorting network,141100
10,96,sequential sorting network,139400
10,96,std::sort,62300
20,96,own sorting network,801150800
20,96,openmp sorting network,429500
20,96,sequential sorting network,432800
20,96,std::sort,189600
30,96,own sorting network,1611592700
30,96,openmp sorting network,845300
30,96,sequential sorting network,844300
30,96,std::sort,381500
40,96,own sorting network,2685874500
40,96,openmp sorting network,1410600
40,96,sequential sorting network,1398100
40,96,std::sort,633200
50,96,own sorting network,4032295700
50,96,openmp sorting network,2189100
50,96,sequential sorting network,2147700
50,96,std::sort,954600
60,96,own sorting network,5604599000
60,96,openmp sorting network,3068400
60,96,sequential sorting network,3028500
60,96,std::sort,1347100
70,96,own sorting network,7490144800
70,96,openmp sorting network,4026400
70,96,sequential sorting network,3985800
70,96,std::sort,1775300
80,96,own sorting network,9610306500
80,96,openmp sorting network,5121000
80,96,sequential sorting network,5074800
80,96,std::sort,2264300
90,96,own sorting network,12021173000
90,96,openmp sorting network,6878300
90,96,sequential sorting network,6386900
90,96,std::sort,2837200
100,96,own sorting network,14718974300
100,96,openmp sorting network,8282400
100,96,sequential sorting network,7858300
100,96,std::sort,3468100
10,104,own sorting network,279976100
10,104,openmp sorting network,160300
10,104,sequential sorting network,157300
10,104,std::sort,70700
20,104,own sorting network,854151600
20,104,openmp sorting network,472300
20,104,sequential sorting network,465800
20,104,std::sort,208700
30,104,own sorting network,1666483600
30,104,openmp sorting network,935200
30,104,sequential sorting network,934900
30,104,std::sort,417900
40,104,own sorting network,2757158000
40,104,openmp sorting network,1573800
40,104,sequential sorting network,1547100
40,104,std::sort,699800
50,104,own sorting network,4106984300
50,104,openmp sorting network,2408700
50,104,sequential sorting network,2360200
50,104,std::sort,1061800
60,104,own sorting network,5736941300
60,104,openmp sorting network,3331400
60,104,sequential sorting network,3283500
60,104,std::sort,1473900
70,104,own sorting network,7604428000
70,104,openmp sorting network,4462300
70,104,sequential sorting network,4415200
70,104,std::sort,1989100
80,104,own sorting network,9776159600
80,104,openmp sorting network,5702000
80,104,sequential sorting network,5693800
80,104,std::sort,2536400
90,104,own sorting network,12207050800
90,104,openmp sorting network,7114400
90,104,sequential sorting network,7104700
90,104,std::sort,3194600
100,104,own sorting network,14949113000
100,104,openmp sorting network,8603800
100,104,sequential sorting network,8601200
100,104,std::sort,3875700
10,112,own sorting network,292775700
10,112,openmp sorting network,173400
10,112,sequential sorting network,169700
10,112,std::sort,78200
20,112,own sorting network,875992900
20,112,openmp sorting network,499800
20,112,sequential sorting network,503200
20,112,std::sort,227900
30,112,own sorting network,1729218500
30,112,openmp sorting network,1008500
30,112,sequential sorting network,1004200
30,112,std::sort,461600
40,112,own sorting network,2873511700
40,112,openmp sorting network,1681100
40,112,sequential sorting network,1678000
40,112,std::sort,763900
50,112,own sorting network,4267527400
50,112,openmp sorting network,2499400
50,112,sequential sorting network,2497300
50,112,std::sort,1131800
60,112,own sorting network,5950860300
60,112,openmp sorting network,3573300
60,112,sequential sorting network,3499100
60,112,std::sort,1589200
70,112,own sorting network,7937753100
70,112,openmp sorting network,4771500
70,112,sequential sorting network,4703800
70,112,std::sort,2122100
80,112,own sorting network,10182476800
80,112,openmp sorting network,6164200
80,112,sequential sorting network,6085800
80,112,std::sort,2747700
90,112,own sorting network,12662343900
90,112,openmp sorting network,7653500
90,112,sequential sorting network,7591800
90,112,std::sort,3427800
100,112,own sorting network,15479458500
100,112,openmp sorting network,9308900
100,112,sequential sorting network,9257500
100,112,std::sort,4202600
10,120,own sorting network,301370100
10,120,openmp sorting network,191600
10,120,sequential sorting network,189500
10,120,std::sort,113800
20,120,own sorting network,871163100
20,120,openmp sorting network,562200
20,120,sequential sorting network,596600
20,120,std::sort,278300
30,120,own sorting network,1727895500
30,120,openmp sorting network,1130300
30,120,sequential sorting network,1154600
30,120,std::sort,533500
40,120,own sorting network,2896233200
40,120,openmp sorting network,1859100
40,120,sequential sorting network,1872800
40,120,std::sort,857200
50,120,own sorting network,4374981700
50,120,openmp sorting network,2765500
50,120,sequential sorting network,2781400
50,120,std::sort,1273000
60,120,own sorting network,6328794900
60,120,openmp sorting network,3845400
60,120,sequential sorting network,3847100
60,120,std::sort,1746700
70,120,own sorting network,8623213500
70,120,openmp sorting network,5084100
70,120,sequential sorting network,5085600
70,120,std::sort,2304000
80,120,own sorting network,11199297600
80,120,openmp sorting network,6500400
80,120,sequential sorting network,6519500
80,120,std::sort,2936400
90,120,own sorting network,14141571100
90,120,openmp sorting network,8083300
90,120,sequential sorting network,8145700
90,120,std::sort,3662600
100,120,own sorting network,17382376500
100,120,openmp sorting network,9870700
100,120,sequential sorting network,9923900
100,120,std::sort,4459900
10,128,own sorting network,344103000
10,128,openmp sorting network,197000
10,128,sequential sorting network,197300
10,128,std::sort,94600
20,128,own sorting network,1045173400
20,128,openmp sorting network,584700
20,128,sequential sorting network,614300
20,128,std::sort,268400
30,128,own sorting network,2061281000
30,128,openmp sorting network,1169200
30,128,sequential sorting network,1192900
30,128,std::sort,524900
40,128,own sorting network,3438152200
40,128,openmp sorting network,1969200
40,128,sequential sorting network,1954600
40,128,std::sort,870400
50,128,own sorting network,5154062300
50,128,openmp sorting network,3027000
50,128,sequential sorting network,2921900
50,128,std::sort,1308300
60,128,own sorting network,7135892700
60,128,openmp sorting network,4203500
60,128,sequential sorting network,4066600
60,128,std::sort,1999000
70,128,own sorting network,9512377200
70,128,openmp sorting network,5563300
70,128,sequential sorting network,5413600
70,128,std::sort,2601000
80,128,own sorting network,12247020800
80,128,openmp sorting network,7143700
80,128,sequential sorting network,6945100
80,128,std::sort,3298000
90,128,own sorting network,15297246100
90,128,openmp sorting network,8868800
90,128,sequential sorting network,8674400
90,128,std::sort,4074100
100,128,own sorting network,18657303300
100,128,openmp sorting network,10809800
100,128,sequential sorting network,10592000
100,128,std::sort,4940700
10,136,own sorting network,465258100
10,136,openmp sorting network,238500
10,136,sequential sorting network,246000
10,136,std::sort,94300
20,136,own sorting network,1404232800
20,136,openmp sorting network,724500
20,136,sequential sorting network,737900
20,136,std::sort,283700
30,136,own sorting network,2800726000
30,136,openmp sorting network,1430800
30,136,sequential sorting network,1432200
30,136,std::sort,560800
40,136,own sorting network,4651996800
40,136,openmp sorting network,2391700
40,136,sequential sorting network,2396900
40,136,std::sort,969900
50,136,own sorting network,7007404600
50,136,openmp sorting network,3666900
50,136,sequential sorting network,3668200
50,136,std::sort,1467000
60,136,own sorting network,9797158400
60,136,openmp sorting network,5270200
60,136,sequential sorting network,5198700
60,136,std::sort,2066600
70,136,own sorting network,13097690800
70,136,openmp sorting network,6909200
70,136,sequential sorting network,6851900
70,136,std::sort,2709700
80,136,own sorting network,16876457300
80,136,openmp sorting network,8859200
80,136,sequential sorting network,8827300
80,136,std::sort,3469600
90,136,own sorting network,21075741200
90,136,openmp sorting network,10984700
90,136,sequential sorting network,10945400
90,136,std::sort,4300800
100,136,own sorting network,25764325000
100,136,openmp sorting network,13396600
100,136,sequential sorting network,13371200
100,136,std::sort,5252100
10,144,own sorting network,472482200
10,144,openmp sorting network,262100
10,144,sequential sorting network,257400
10,144,std::sort,101600
20,144,own sorting network,1451221300
20,144,openmp sorting network,771700
20,144,sequential sorting network,773800
20,144,std::sort,304600
30,144,own sorting network,2945714400
30,144,openmp sorting network,1605000
30,144,sequential sorting network,1541500
30,144,std::sort,617100
40,144,own sorting network,4918287500
40,144,openmp sorting network,2611100
40,144,sequential sorting network,2537800
40,144,std::sort,1010300
50,144,own sorting network,7329541800
50,144,openmp sorting network,3958400
50,144,sequential sorting network,3938700
50,144,std::sort,1546100
60,144,own sorting network,10145586500
60,144,openmp sorting network,5528200
60,144,sequential sorting network,5566800
60,144,std::sort,2149600
70,144,own sorting network,13580361500
70,144,openmp sorting network,7335700
70,144,sequential sorting network,7352700
70,144,std::sort,2856700
80,144,own sorting network,17409701900
80,144,openmp sorting network,9389500
80,144,sequential sorting network,9395900
80,144,std::sort,3669600
90,144,own sorting network,21708591300
90,144,openmp sorting network,11723300
90,144,sequential sorting network,11688700
90,144,std::sort,4576700
100,144,own sorting network,26366252800
100,144,openmp sorting network,14297000
100,144,sequential sorting network,14250300
100,144,std::sort,5584200
10,152,own sorting network,476707300
10,152,openmp sorting network,277800
10,152,sequential sorting network,272700
10,152,std::sort,109000
20,152,own sorting network,1364514600
20,152,openmp sorting network,822600
20,152,sequential sorting network,816100
20,152,std::sort,324500
30,152,own sorting network,2665297600
30,152,openmp sorting network,1638600
30,152,sequential sorting network,1635400
30,152,std::sort,653500
40,152,own sorting network,4670502500
40,152,openmp sorting network,2702300
40,152,sequential sorting network,2709800
40,152,std::sort,1072000
50,152,own sorting network,7254655200
50,152,openmp sorting network,4025900
50,152,sequential sorting network,4036200
50,152,std::sort,1602600
60,152,own sorting network,10370013600
60,152,openmp sorting network,5615500
60,152,sequential sorting network,5683400
60,152,std::sort,2228900
70,152,own sorting network,14024477300
70,152,openmp sorting network,7462200
70,152,sequential sorting network,7531700
70,152,std::sort,2957500
80,152,own sorting network,18170888400
80,152,openmp sorting network,9587600
80,152,sequential sorting network,9670400
80,152,std::sort,3795100
90,152,own sorting network,22841830100
90,152,openmp sorting network,12035800
90,152,sequential sorting network,12048000
90,152,std::sort,4761500
100,152,own sorting network,28001016000
100,152,openmp sorting network,14659900
100,152,sequential sorting network,14705800
100,152,std::sort,5811600
10,160,own sorting network,537280200
10,160,openmp sorting network,282300
10,160,sequential sorting network,278000
10,160,std::sort,112500
20,160,own sorting network,1636387700
20,160,openmp sorting network,841700
20,160,sequential sorting network,840000
20,160,std::sort,335700
30,160,own sorting network,3288514300
30,160,openmp sorting network,1706900
30,160,sequential sorting network,1697300
30,160,std::sort,678500
40,160,own sorting network,5447599100
40,160,openmp sorting network,2822700
40,160,sequential sorting network,2817900
40,160,std::sort,1124900
50,160,own sorting network,8068870700
50,160,openmp sorting network,4274100
50,160,sequential sorting network,4253300
50,160,std::sort,1707400
60,160,own sorting network,11258283500
60,160,openmp sorting network,5996300
60,160,sequential sorting network,5922200
60,160,std::sort,2375500
70,160,own sorting network,14969554800
70,160,openmp sorting network,8020800
70,160,sequential sorting network,7930400
70,160,std::sort,3178900
80,160,own sorting network,19220208100
80,160,openmp sorting network,10237000
80,160,sequential sorting network,10157500
80,160,std::sort,4103800
90,160,own sorting network,23390326400
90,160,openmp sorting network,12932300
90,160,sequential sorting network,12963100
90,160,std::sort,5186100
100,160,own sorting network,27788625400
100,160,openmp sorting network,15959600
100,160,sequential sorting network,15976200
100,160,std::sort,6384700
10,168,own sorting network,483967100
10,168,openmp sorting network,352400
10,168,sequential sorting network,332700
10,168,std::sort,124500
20,168,own sorting network,1474147700
20,168,openmp sorting network,967000
20,168,sequential sorting network,943500
20,168,std::sort,365800
30,168,own sorting network,3177253400
30,168,openmp sorting network,1876100
30,168,sequential sorting network,1853000
30,168,std::sort,736900
40,168,own sorting network,5358123400
40,168,openmp sorting network,3118500
40,168,sequential sorting network,3060500
40,168,std::sort,1219000
50,168,own sorting network,8098662000
50,168,openmp sorting network,4663300
50,168,sequential sorting network,4575000
50,168,std::sort,1840700
60,168,own sorting network,11468879300
60,168,openmp sorting network,6463900
60,168,sequential sorting network,6346300
60,168,std::sort,2552400
70,168,own sorting network,15393157700
70,168,openmp sorting network,8546900
70,168,sequential sorting network,8408400
70,168,std::sort,3379100
80,168,own sorting network,19843406000
80,168,openmp sorting network,11024000
80,168,sequential sorting network,10881500
80,168,std::sort,4394900
90,168,own sorting network,24807289300
90,168,openmp sorting network,13767900
90,168,sequential sorting network,13558300
90,168,std::sort,5469600
100,168,own sorting network,30432896800
100,168,openmp sorting network,16799600
100,168,sequential sorting network,16598600
100,168,std::sort,6653600
10,176,own sorting network,587585900
10,176,openmp sorting network,324800
10,176,sequential sorting network,330500
10,176,std::sort,129300
20,176,own sorting network,1772024600
20,176,openmp sorting network,953600
20,176,sequential sorting network,946100
20,176,std::sort,378600
30,176,own sorting network,3590553600
30,176,openmp sorting network,1894000
30,176,sequential sorting network,1877200
30,176,std::sort,790900
40,176,own sorting network,5908080000
40,176,openmp sorting network,3162500
40,176,sequential sorting network,3192100
40,176,std::sort,1311600
50,176,own sorting network,8806685200
50,176,openmp sorting network,4710600
50,176,sequential sorting network,4759100
50,176,std::sort,1941500
60,176,own sorting network,12332976300
60,176,openmp sorting network,6870000
60,176,sequential sorting network,6618800
60,176,std::sort,2712900
70,176,own sorting network,16233567400
70,176,openmp sorting network,11427700
70,176,sequential sorting network,10131700
70,176,std::sort,4283200
80,176,own sorting network,20823311600
80,176,openmp sorting network,13942400
80,176,sequential sorting network,12622100
80,176,std::sort,5285500
90,176,own sorting network,26118151200
90,176,openmp sorting network,16795600
90,176,sequential sorting network,15598300
90,176,std::sort,6438000
100,176,own sorting network,31932548400
100,176,openmp sorting network,19883100
100,176,sequential sorting network,18797300
100,176,std::sort,7685300
10,184,own sorting network,589686900
10,184,openmp sorting network,329100
10,184,sequential sorting network,335000
10,184,std::sort,132200
20,184,own sorting network,1838311900
20,184,openmp sorting network,1006700
20,184,sequential sorting network,1008000
20,184,std::sort,400400
30,184,own sorting network,3674892000
30,184,openmp sorting network,2013500
30,184,sequential sorting network,2011600
30,184,std::sort,813500
40,184,own sorting network,6086756800
40,184,openmp sorting network,3439400
40,184,sequential sorting network,3660700
40,184,std::sort,1354300
50,184,own sorting network,9123159200
50,184,openmp sorting network,5130800
50,184,sequential sorting network,5338800
50,184,std::sort,2032600
60,184,own sorting network,12857000100
60,184,openmp sorting network,7103700
60,184,sequential sorting network,7353900
60,184,std::sort,2826100
70,184,own sorting network,17043492300
70,184,openmp sorting network,9369700
70,184,sequential sorting network,9627100
70,184,std::sort,3744500
80,184,own sorting network,21994773100
80,184,openmp sorting network,12276700
80,184,sequential sorting network,12325400
80,184,std::sort,4823400
90,184,own sorting network,27549622100
90,184,openmp sorting network,15310300
90,184,sequential sorting network,15349300
90,184,std::sort,6032200
100,184,own sorting network,33698102800
100,184,openmp sorting network,18675600
100,184,sequential sorting network,18703300
100,184,std::sort,7366900
10,192,own sorting network,616474500
10,192,openmp sorting network,350600
10,192,sequential sorting network,357900
10,192,std::sort,141100
20,192,own sorting network,1885689500
20,192,openmp sorting network,1056600
20,192,sequential sorting network,1080800
20,192,std::sort,422600
30,192,own sorting network,3771223500
30,192,openmp sorting network,2081400
30,192,sequential sorting network,2109600
30,192,std::sort,833300
40,192,own sorting network,6306365100
40,192,openmp sorting network,3479400
40,192,sequential sorting network,3524700
40,192,std::sort,1393200
50,192,own sorting network,9172781600
50,192,openmp sorting network,5181900
50,192,sequential sorting network,5214900
50,192,std::sort,2070700
60,192,own sorting network,12521468300
60,192,openmp sorting network,7251300
60,192,sequential sorting network,7310600
60,192,std::sort,2892400
70,192,own sorting network,16968915700
70,192,openmp sorting network,9712700
70,192,sequential sorting network,9748300
70,192,std::sort,3917600
80,192,own sorting network,21938936800
80,192,openmp sorting network,12621100
80,192,sequential sorting network,12636100
80,192,std::sort,5073200
90,192,own sorting network,27428884000
90,192,openmp sorting network,15667500
90,192,sequential sorting network,15710200
90,192,std::sort,6354200
100,192,own sorting network,33648690400
100,192,openmp sorting network,19163200
100,192,sequential sorting network,19248900
100,192,std::sort,7767500
10,200,own sorting network,652850900
10,200,openmp sorting network,373000
10,200,sequential sorting network,370500
10,200,std::sort,149300
20,200,own sorting network,2030154600
20,200,openmp sorting network,1114300
20,200,sequential sorting network,1185000
20,200,std::sort,439500
30,200,own sorting network,4009687000
30,200,openmp sorting network,2201300
30,200,sequential sorting network,2291900
30,200,std::sort,883100
40,200,own sorting network,6604134700
40,200,openmp sorting network,3645000
40,200,sequential sorting network,3729800
40,200,std::sort,1459200
50,200,own sorting network,9569181700
50,200,openmp sorting network,5522100
50,200,sequential sorting network,5571800
50,200,std::sort,2200000
60,200,own sorting network,12798442600
60,200,openmp sorting network,7666800
60,200,sequential sorting network,7725200
60,200,std::sort,3061100
70,200,own sorting network,16658571000
70,200,openmp sorting network,10253900
70,200,sequential sorting network,10339700
70,200,std::sort,4098900
80,200,own sorting network,21055920600
80,200,openmp sorting network,13113600
80,200,sequential sorting network,13214600
80,200,std::sort,5260600
90,200,own sorting network,26013873200
90,200,openmp sorting network,16327100
90,200,sequential sorting network,16429200
90,200,std::sort,6564400
100,200,own sorting network,32184665000
100,200,openmp sorting network,20047200
100,200,sequential sorting network,20131100
100,200,std::sort,8036600
10,208,own sorting network,634785400
10,208,openmp sorting network,425900
10,208,sequential sorting network,386500
10,208,std::sort,156600
20,208,own sorting network,1915960900
20,208,openmp sorting network,1277900
20,208,sequential sorting network,1169200
20,208,std::sort,466500
30,208,own sorting network,3981074100
30,208,openmp sorting network,2404100
30,208,sequential sorting network,2296200
30,208,std::sort,929700
40,208,own sorting network,6596547300
40,208,openmp sorting network,3924200
40,208,sequential sorting network,3897100
40,208,std::sort,1546900
50,208,own sorting network,10004245500
50,208,openmp sorting network,5874000
50,208,sequential sorting network,5832500
50,208,std::sort,2332600
60,208,own sorting network,13921679400
60,208,openmp sorting network,8177800
60,208,sequential sorting network,8161700
60,208,std::sort,3285700
70,208,own sorting network,18569535300
70,208,openmp sorting network,10882900
70,208,sequential sorting network,10852600
70,208,std::sort,4372300
80,208,own sorting network,24003269900
80,208,openmp sorting network,13907200
80,208,sequential sorting network,13823600
80,208,std::sort,5583300
90,208,own sorting network,30035670600
90,208,openmp sorting network,17304600
90,208,sequential sorting network,17200500
90,208,std::sort,6954200
100,208,own sorting network,36762889800
100,208,openmp sorting network,21249800
100,208,sequential sorting network,21201300
100,208,std::sort,8549700
10,216,own sorting network,683637100
10,216,openmp sorting network,407800
10,216,sequential sorting network,393800
10,216,std::sort,162900
20,216,own sorting network,1839315200
20,216,openmp sorting network,1212600
20,216,sequential sorting network,1209300
20,216,std::sort,487200
30,216,own sorting network,3730955400
30,216,openmp sorting network,2784900
30,216,sequential sorting network,2493300
30,216,std::sort,1021400
40,216,own sorting network,6472888300
40,216,openmp sorting network,4342300
40,216,sequential sorting network,4042700
40,216,std::sort,1676100
50,216,own sorting network,9835494800
50,216,openmp sorting network,6326100
50,216,sequential sorting network,6068500
50,216,std::sort,2485900
60,216,own sorting network,14009156300
60,216,openmp sorting network,8731700
60,216,sequential sorting network,8468200
60,216,std::sort,3454900
70,216,own sorting network,18852867800
70,216,openmp sorting network,11517300
70,216,sequential sorting network,11330600
70,216,std::sort,4625100
80,216,own sorting network,24309828700
80,216,openmp sorting network,14722000
80,216,sequential sorting network,15050600
80,216,std::sort,5929700
90,216,own sorting network,30205545500
90,216,openmp sorting network,18514600
90,216,sequential sorting network,18862200
90,216,std::sort,7473900
100,216,own sorting network,37024781700
100,216,openmp sorting network,22537900
100,216,sequential sorting network,22889700
100,216,std::sort,9104200
10,224,own sorting network,686978000
10,224,openmp sorting network,432200
10,224,sequential sorting network,419500
10,224,std::sort,184300
20,224,own sorting network,1901403500
20,224,openmp sorting network,1266500
20,224,sequential sorting network,1249000
20,224,std::sort,528800
30,224,own sorting network,3532722600
30,224,openmp sorting network,2583700
30,224,sequential sorting network,2571100
30,224,std::sort,1061500
40,224,own sorting network,5791109300
40,224,openmp sorting network,4310000
40,224,sequential sorting network,4259300
40,224,std::sort,1730100
50,224,own sorting network,8683105200
50,224,openmp sorting network,6408400
50,224,sequential sorting network,6324000
50,224,std::sort,2574000
60,224,own sorting network,12090425100
60,224,openmp sorting network,8925400
60,224,sequential sorting network,8846300
60,224,std::sort,3595400
70,224,own sorting network,16075794000
70,224,openmp sorting network,11827600
70,224,sequential sorting network,11776300
70,224,std::sort,4778600
80,224,own sorting network,21459382200
80,224,openmp sorting network,15061500
80,224,sequential sorting network,15043300
80,224,std::sort,6112700
90,224,own sorting network,27758612600
90,224,openmp sorting network,18886300
90,224,sequential sorting network,19455700
90,224,std::sort,7679800
100,224,own sorting network,34937354100
100,224,openmp sorting network,22931800
100,224,sequential sorting network,23522200
100,224,std::sort,9325900
10,232,own sorting network,763561100
10,232,openmp sorting network,480000
10,232,sequential sorting network,454700
10,232,std::sort,176400
20,232,own sorting network,2107809000
20,232,openmp sorting network,1348500
20,232,sequential sorting network,1320800
20,232,std::sort,525200
30,232,own sorting network,3869999200
30,232,openmp sorting network,2637100
30,232,sequential sorting network,2614000
30,232,std::sort,1049700
40,232,own sorting network,6181661100
40,232,openmp sorting network,4535900
40,232,sequential sorting network,4496000
40,232,std::sort,1812000
50,232,own sorting network,9133430000
50,232,openmp sorting network,7379800
50,232,sequential sorting network,6799000
50,232,std::sort,2735100
60,232,own sorting network,13242748300
60,232,openmp sorting network,10011800
60,232,sequential sorting network,9394200
60,232,std::sort,3803600
70,232,own sorting network,18249648300
70,232,openmp sorting network,13052200
70,232,sequential sorting network,12405000
70,232,std::sort,5035900
80,232,own sorting network,23866835000
80,232,openmp sorting network,16533500
80,232,sequential sorting network,16126500
80,232,std::sort,6425100
90,232,own sorting network,30010471800
90,232,openmp sorting network,21081300
90,232,sequential sorting network,20655400
90,232,std::sort,8263900
100,232,own sorting network,36756198800
100,232,openmp sorting network,25313100
100,232,sequential sorting network,24960900
100,232,std::sort,9981100
10,240,own sorting network,655387500
10,240,openmp sorting network,475300
10,240,sequential sorting network,459900
10,240,std::sort,233700
20,240,own sorting network,2046823000
20,240,openmp sorting network,1407600
20,240,sequential sorting network,1443100
20,240,std::sort,617800
30,240,own sorting network,4145482600
30,240,openmp sorting network,2793300
30,240,sequential sorting network,2824700
30,240,std::sort,1195200
40,240,own sorting network,7030652700
40,240,openmp sorting network,4569800
40,240,sequential sorting network,4572100
40,240,std::sort,1939500
50,240,own sorting network,10449440000
50,240,openmp sorting network,6754300
50,240,sequential sorting network,6758500
50,240,std::sort,2832200
60,240,own sorting network,14512439000
60,240,openmp sorting network,9478700
60,240,sequential sorting network,9466700
60,240,std::sort,3926600
70,240,own sorting network,19316070300
70,240,openmp sorting network,12547700
70,240,sequential sorting network,12606500
70,240,std::sort,5176800
80,240,own sorting network,24239809000
80,240,openmp sorting network,16050800
80,240,sequential sorting network,16214500
80,240,std::sort,6605600
90,240,own sorting network,29690934500
90,240,openmp sorting network,20143200
90,240,sequential sorting network,20245700
90,240,std::sort,8250800
100,240,own sorting network,35537562000
100,240,openmp sorting network,24601800
100,240,sequential sorting network,24731600
100,240,std::sort,10065200
10,248,own sorting network,630839600
10,248,openmp sorting network,577900
10,248,sequential sorting network,476500
10,248,std::sort,197600
20,248,own sorting network,2102977800
20,248,openmp sorting network,1622800
20,248,sequential sorting network,1435100
20,248,std::sort,584800
30,248,own sorting network,4394907800
30,248,openmp sorting network,3035800
30,248,sequential sorting network,2911900
30,248,std::sort,1160300
40,248,own sorting network,7310412800
40,248,openmp sorting network,5065200
40,248,sequential sorting network,4831500
40,248,std::sort,1936800
50,248,own sorting network,10943350100
50,248,openmp sorting network,7485300
50,248,sequential sorting network,7247800
50,248,std::sort,2917100
60,248,own sorting network,15355133400
60,248,openmp sorting network,10345700
60,248,sequential sorting network,10151800
60,248,std::sort,4082600
70,248,own sorting network,20174928500
70,248,openmp sorting network,13619500
70,248,sequential sorting network,13426200
70,248,std::sort,5428300
80,248,own sorting network,25362913900
80,248,openmp sorting network,17454400
80,248,sequential sorting network,17254300
80,248,std::sort,6978400
90,248,own sorting network,31359645500
90,248,openmp sorting network,21791000
90,248,sequential sorting network,21582200
90,248,std::sort,8732500
100,248,own sorting network,38454660400
100,248,openmp sorting network,26460100
100,248,sequential sorting network,26828800
100,248,std::sort,10622400
10,256,own sorting network,584527400
10,256,openmp sorting network,501700
10,256,sequential sorting network,507400
10,256,std::sort,203500
20,256,own sorting network,1826276400
20,256,openmp sorting network,1476800
20,256,sequential sorting network,1499100
20,256,std::sort,591100
30,256,own sorting network,3784611500
30,256,openmp sorting network,3021800
30,256,sequential sorting network,3001100
30,256,std::sort,1206400
40,256,own sorting network,6363397000
40,256,openmp sorting network,4999000
40,256,sequential sorting network,4941000
40,256,std::sort,2008600
50,256,own sorting network,9530134300
50,256,openmp sorting network,7654300
50,256,sequential sorting network,7604200
50,256,std::sort,3073200
60,256,own sorting network,13145195200
60,256,openmp sorting network,10619200
60,256,sequential sorting network,10506300
60,256,std::sort,4256100
70,256,own sorting network,17356042500
70,256,openmp sorting network,14002200
70,256,sequential sorting network,13977600
70,256,std::sort,5625800
80,256,own sorting network,22185803700
80,256,openmp sorting network,17882300
80,256,sequential sorting network,17897200
80,256,std::sort,7191100
90,256,own sorting network,27678180900
90,256,openmp sorting network,22299000
90,256,sequential sorting network,22176700
90,256,std::sort,8916500
100,256,own sorting network,34150624300
100,256,openmp sorting network,27176300
100,256,sequential sorting network,27021400
100,256,std::sort,10847300
10,8,own sorting network,5189200
10,8,openmp sorting network,4300
10,8,sequential sorting network,4000
10,8,std::sort,2900
20,8,own sorting network,15632900
20,8,openmp sorting network,11300
20,8,sequential sorting network,10800
20,8,std::sort,8400
30,8,own sorting network,31119600
30,8,openmp sorting network,21600
30,8,sequential sorting network,20600
30,8,std::sort,16100
40,8,own sorting network,51885600
40,8,openmp sorting network,36500
40,8,sequential sorting network,35000
40,8,std::sort,26600
50,8,own sorting network,77768100
50,8,openmp sorting network,53200
50,8,sequential sorting network,50900
50,8,std::sort,39100
60,8,own sorting network,115709400
60,8,openmp sorting network,80800
60,8,sequential sorting network,78000
60,8,std::sort,58600
70,8,own sorting network,155839700
70,8,openmp sorting network,106700
70,8,sequential sorting network,103500
70,8,std::sort,76800
80,8,own sorting network,200345000
80,8,openmp sorting network,135500
80,8,sequential sorting network,131100
80,8,std::sort,97700
90,8,own sorting network,250942200
90,8,openmp sorting network,177100
90,8,sequential sorting network,162900
90,8,std::sort,121400
100,8,own sorting network,306689200
100,8,openmp sorting network,212000
100,8,sequential sorting network,198000
100,8,std::sort,147300
10,16,own sorting network,18052900
10,16,openmp sorting network,12100
10,16,sequential sorting network,11800
10,16,std::sort,7100
20,16,own sorting network,55226700
20,16,openmp sorting network,34900
20,16,sequential sorting network,34300
20,16,std::sort,19800
30,16,own sorting network,110409500
30,16,openmp sorting network,67800
30,16,sequential sorting network,67000
30,16,std::sort,38200
40,16,own sorting network,183587900
40,16,openmp sorting network,110400
40,16,sequential sorting network,110300
40,16,std::sort,63300
50,16,own sorting network,273731100
50,16,openmp sorting network,163400
50,16,sequential sorting network,163100
50,16,std::sort,93200
60,16,own sorting network,379884100
60,16,openmp sorting network,225000
60,16,sequential sorting network,225000
60,16,std::sort,128600
70,16,own sorting network,504226200
70,16,openmp sorting network,296000
70,16,sequential sorting network,297000
70,16,std::sort,169600
80,16,own sorting network,643351200
80,16,openmp sorting network,376200
80,16,sequential sorting network,376900
80,16,std::sort,215500
90,16,own sorting network,797968900
90,16,openmp sorting network,466600
90,16,sequential sorting network,475200
90,16,std::sort,266500
100,16,own sorting network,970607300
100,16,openmp sorting network,569800
100,16,sequential sorting network,578100
100,16,std::sort,324300
10,24,own sorting network,40243200
10,24,openmp sorting network,23500
10,24,sequential sorting network,22800
10,24,std::sort,13000
20,24,own sorting network,119763900
20,24,openmp sorting network,67100
20,24,sequential sorting network,116300
20,24,std::sort,39800
30,24,own sorting network,243344000
30,24,openmp sorting network,131100
30,24,sequential sorting network,180400
30,24,std::sort,76600
40,24,own sorting network,404215000
40,24,openmp sorting network,213200
40,24,sequential sorting network,260900
40,24,std::sort,122800
50,24,own sorting network,601039600
50,24,openmp sorting network,311200
50,24,sequential sorting network,358600
50,24,std::sort,180000
60,24,own sorting network,833388600
60,24,openmp sorting network,429000
60,24,sequential sorting network,475300
60,24,std::sort,257000
70,24,own sorting network,1106129400
70,24,openmp sorting network,569800
70,24,sequential sorting network,616500
70,24,std::sort,337400
80,24,own sorting network,1430450300
80,24,openmp sorting network,728300
80,24,sequential sorting network,785900
80,24,std::sort,441500
90,24,own sorting network,1791013400
90,24,openmp sorting network,907200
90,24,sequential sorting network,964600
90,24,std::sort,545100
100,24,own sorting network,2199195000
100,24,openmp sorting network,1104500
100,24,sequential sorting network,1168400
100,24,std::sort,671800
10,32,own sorting network,54735400
10,32,openmp sorting network,32200
10,32,sequential sorting network,31600
10,32,std::sort,18600
20,32,own sorting network,165329800
20,32,openmp sorting network,94100
20,32,sequential sorting network,93800
20,32,std::sort,55000
30,32,own sorting network,331345600
30,32,openmp sorting network,188900
30,32,sequential sorting network,199700
30,32,std::sort,109800
40,32,own sorting network,554450500
40,32,openmp sorting network,306900
40,32,sequential sorting network,319300
40,32,std::sort,180500
50,32,own sorting network,822336500
50,32,openmp sorting network,449000
50,32,sequential sorting network,462000
50,32,std::sort,264700
60,32,own sorting network,1134801300
60,32,openmp sorting network,618500
60,32,sequential sorting network,632400
60,32,std::sort,365100
70,32,own sorting network,1505213300
70,32,openmp sorting network,819900
70,32,sequential sorting network,836300
70,32,std::sort,485000
80,32,own sorting network,1920500100
80,32,openmp sorting network,1042700
80,32,sequential sorting network,1070300
80,32,std::sort,614200
90,32,own sorting network,2386680300
90,32,openmp sorting network,1305800
90,32,sequential sorting network,1322700
90,32,std::sort,762700
100,32,own sorting network,2909290300
100,32,openmp sorting network,1579300
100,32,sequential sorting network,1596000
100,32,std::sort,923800
10,40,own sorting network,89414800
10,40,openmp sorting network,47200
10,40,sequential sorting network,45400
10,40,std::sort,22800
20,40,own sorting network,266579200
20,40,openmp sorting network,145100
20,40,sequential sorting network,131100
20,40,std::sort,66600
30,40,own sorting network,533368700
30,40,openmp sorting network,282000
30,40,sequential sorting network,267100
30,40,std::sort,135100
40,40,own sorting network,901664200
40,40,openmp sorting network,450900
40,40,sequential sorting network,443800
40,40,std::sort,221400
50,40,own sorting network,1347515500
50,40,openmp sorting network,663600
50,40,sequential sorting network,666600
50,40,std::sort,329700
60,40,own sorting network,1888058000
60,40,openmp sorting network,923700
60,40,sequential sorting network,926400
60,40,std::sort,469100
70,40,own sorting network,2518308200
70,40,openmp sorting network,1217100
70,40,sequential sorting network,1230200
70,40,std::sort,619700
80,40,own sorting network,3246553900
80,40,openmp sorting network,1562400
80,40,sequential sorting network,1576900
80,40,std::sort,793900
90,40,own sorting network,4064117400
90,40,openmp sorting network,1948800
90,40,sequential sorting network,1979500
90,40,std::sort,988400
100,40,own sorting network,4980701400
100,40,openmp sorting network,2402600
100,40,sequential sorting network,2437000
100,40,std::sort,1218200
10,48,own sorting network,111954800
10,48,openmp sorting network,68900
10,48,sequential sorting network,57400
10,48,std::sort,49800
20,48,own sorting network,335740800
20,48,openmp sorting network,181900
20,48,sequential sorting network,169100
20,48,std::sort,106700
30,48,own sorting network,663971300
30,48,openmp sorting network,346000
30,48,sequential sorting network,332600
30,48,std::sort,190300
40,48,own sorting network,1097253700
40,48,openmp sorting network,566800
40,48,sequential sorting network,552400
40,48,std::sort,355800
50,48,own sorting network,1643671600
50,48,openmp sorting network,835000
50,48,sequential sorting network,830700
50,48,std::sort,493500
60,48,own sorting network,2296988500
60,48,openmp sorting network,1177700
60,48,sequential sorting network,1168800
60,48,std::sort,657800
70,48,own sorting network,3058872400
70,48,openmp sorting network,1563900
70,48,sequential sorting network,1544400
70,48,std::sort,848900
80,48,own sorting network,3926249600
80,48,openmp sorting network,1981500
80,48,sequential sorting network,1972400
80,48,std::sort,1062600
90,48,own sorting network,4892928300
90,48,openmp sorting network,2476300
90,48,sequential sorting network,2453700
90,48,std::sort,1302500
100,48,own sorting network,5965501500
100,48,openmp sorting network,2995800
100,48,sequential sorting network,2973700
100,48,std::sort,1569600
10,56,own sorting network,120375100
10,56,openmp sorting network,71400
10,56,sequential sorting network,68500
10,56,std::sort,33300
20,56,own sorting network,361492700
20,56,openmp sorting network,205100
20,56,sequential sorting network,199100
20,56,std::sort,100700
30,56,own sorting network,749606300
30,56,openmp sorting network,403600
30,56,sequential sorting network,397500
30,56,std::sort,208900
40,56,own sorting network,1244488700
40,56,openmp sorting network,671500
40,56,sequential sorting network,658900
40,56,std::sort,342400
50,56,own sorting network,1873924000
50,56,openmp sorting network,1003700
50,56,sequential sorting network,988700
50,56,std::sort,507600
60,56,own sorting network,2616769200
60,56,openmp sorting network,1415200
60,56,sequential sorting network,1387200
60,56,std::sort,724000
70,56,own sorting network,3491346700
70,56,openmp sorting network,1875700
70,56,sequential sorting network,1849800
70,56,std::sort,956800
80,56,own sorting network,4495338500
80,56,openmp sorting network,2407600
80,56,sequential sorting network,2381800
80,56,std::sort,1218200
90,56,own sorting network,5589684400
90,56,openmp sorting network,2992900
90,56,sequential sorting network,2959000
90,56,std::sort,1544500
100,56,own sorting network,6831100300
100,56,openmp sorting network,3635800
100,56,sequential sorting network,3625700
100,56,std::sort,1872400
10,64,own sorting network,142255700
10,64,openmp sorting network,84400
10,64,sequential sorting network,83100
10,64,std::sort,41400
20,64,own sorting network,426422900
20,64,openmp sorting network,242800
20,64,sequential sorting network,249800
20,64,std::sort,119300
30,64,own sorting network,845415300
30,64,openmp sorting network,493600
30,64,sequential sorting network,499200
30,64,std::sort,246100
40,64,own sorting network,1427379800
40,64,openmp sorting network,807500
40,64,sequential sorting network,813000
40,64,std::sort,405900
50,64,own sorting network,2130546800
50,64,openmp sorting network,1182200
50,64,sequential sorting network,1197500
50,64,std::sort,596000
60,64,own sorting network,2971033900
60,64,openmp sorting network,1641000
60,64,sequential sorting network,1665300
60,64,std::sort,827500
70,64,own sorting network,3959916400
70,64,openmp sorting network,2192000
70,64,sequential sorting network,2224000
70,64,std::sort,1098800
80,64,own sorting network,5081862600
80,64,openmp sorting network,2802400
80,64,sequential sorting network,2835600
80,64,std::sort,1417400
90,64,own sorting network,6342792800
90,64,openmp sorting network,3481000
90,64,sequential sorting network,3515500
90,64,std::sort,1757300
100,64,own sorting network,7726785800
100,64,openmp sorting network,4251500
100,64,sequential sorting network,4284600
100,64,std::sort,2139800
10,72,own sorting network,190217400
10,72,openmp sorting network,112800
10,72,sequential sorting network,110600
10,72,std::sort,48700
20,72,own sorting network,616003200
20,72,openmp sorting network,324200
20,72,sequential sorting network,311000
20,72,std::sort,136900
30,72,own sorting network,1224368500
30,72,openmp sorting network,648900
30,72,sequential sorting network,677800
30,72,std::sort,278200
40,72,own sorting network,2066112800
40,72,openmp sorting network,1046100
40,72,sequential sorting network,1142400
40,72,std::sort,457700
50,72,own sorting network,3112908000
50,72,openmp sorting network,1567100
50,72,sequential sorting network,1647100
50,72,std::sort,673900
60,72,own sorting network,4368824800
60,72,openmp sorting network,2185200
60,72,sequential sorting network,2254500
60,72,std::sort,952000
70,72,own sorting network,5837059600
70,72,openmp sorting network,2894000
70,72,sequential sorting network,2969800
70,72,std::sort,1271300
80,72,own sorting network,7500031900
80,72,openmp sorting network,3679400
80,72,sequential sorting network,3758000
80,72,std::sort,1620700
90,72,own sorting network,9388083300
90,72,openmp sorting network,4681700
90,72,sequential sorting network,4686800
90,72,std::sort,2030400
100,72,own sorting network,11453862000
100,72,openmp sorting network,5721800
100,72,sequential sorting network,5705000
100,72,std::sort,2481800
10,80,own sorting network,233923800
10,80,openmp sorting network,117200
10,80,sequential sorting network,118300
10,80,std::sort,50500
20,80,own sorting network,692111600
20,80,openmp sorting network,361400
20,80,sequential sorting network,350700
20,80,std::sort,153100
30,80,own sorting network,1392681600
30,80,openmp sorting network,693700
30,80,sequential sorting network,734500
30,80,std::sort,303600
40,80,own sorting network,2317183500
40,80,openmp sorting network,1151900
40,80,sequential sorting network,1204600
40,80,std::sort,510500
50,80,own sorting network,3480100800
50,80,openmp sorting network,1719500
50,80,sequential sorting network,1821400
50,80,std::sort,769900
60,80,own sorting network,4863831000
60,80,openmp sorting network,2417100
60,80,sequential sorting network,2509000
60,80,std::sort,1081800
70,80,own sorting network,6480551700
70,80,openmp sorting network,3233100
70,80,sequential sorting network,3318300
70,80,std::sort,1426100
80,80,own sorting network,8290930700
80,80,openmp sorting network,4163500
80,80,sequential sorting network,4274000
80,80,std::sort,1833700
90,80,own sorting network,10315076300
90,80,openmp sorting network,5199500
90,80,sequential sorting network,5335300
90,80,std::sort,2306200
100,80,own sorting network,12558146600
100,80,openmp sorting network,6333700
100,80,sequential sorting network,6517600
100,80,std::sort,2815200
10,88,own sorting network,253298100
10,88,openmp sorting network,131100
10,88,sequential sorting network,128700
10,88,std::sort,56900
20,88,own sorting network,749803800
20,88,openmp sorting network,383500
20,88,sequential sorting network,393100
20,88,std::sort,176600
30,88,own sorting network,1479987000
30,88,openmp sorting network,775900
30,88,sequential sorting network,784400
30,88,std::sort,352200
40,88,own sorting network,2482774600
40,88,openmp sorting network,1286200
40,88,sequential sorting network,1305000
40,88,std::sort,580700
50,88,own sorting network,3738269200
50,88,openmp sorting network,1939200
50,88,sequential sorting network,1963300
50,88,std::sort,876800
60,88,own sorting network,5228094700
60,88,openmp sorting network,2702000
60,88,sequential sorting network,2726500
60,88,std::sort,1226100
70,88,own sorting network,7006228300
70,88,openmp sorting network,3617500
70,88,sequential sorting network,3651400
70,88,std::sort,1653000
80,88,own sorting network,9011573500
80,88,openmp sorting network,4638800
80,88,sequential sorting network,4731600
80,88,std::sort,2104700
90,88,own sorting network,11276070300
90,88,openmp sorting network,5815800
90,88,sequential sorting network,5966200
90,88,std::sort,2624600
100,88,own sorting network,13790160900
100,88,openmp sorting network,7101800
100,88,sequential sorting network,7312700
100,88,std::sort,3201700
10,96,own sorting network,272127100
10,96,openmp sorting network,144800
10,96,sequential sorting network,141800
10,96,std::sort,66000
20,96,own sorting network,802743700
20,96,openmp sorting network,432500
20,96,sequential sorting network,449300
20,96,std::sort,198100
30,96,own sorting network,1625321600
30,96,openmp sorting network,855300
30,96,sequential sorting network,869700
30,96,std::sort,389800
40,96,own sorting network,2697331300
40,96,openmp sorting network,1422100
40,96,sequential sorting network,1433800
40,96,std::sort,642100
50,96,own sorting network,4057897300
50,96,openmp sorting network,2146300
50,96,sequential sorting network,2152000
50,96,std::sort,972600
60,96,own sorting network,5676831300
60,96,openmp sorting network,2990800
60,96,sequential sorting network,2995700
60,96,std::sort,1361200
70,96,own sorting network,7569272300
70,96,openmp sorting network,3987300
70,96,sequential sorting network,3977600
70,96,std::sort,1804500
80,96,own sorting network,9721407300
80,96,openmp sorting network,5101300
80,96,sequential sorting network,5110600
80,96,std::sort,2307200
90,96,own sorting network,12134674400
90,96,openmp sorting network,6367100
90,96,sequential sorting network,6367700
90,96,std::sort,2870700
100,96,own sorting network,14818893200
100,96,openmp sorting network,7808600
100,96,sequential sorting network,7766400
100,96,std::sort,3503600
10,104,own sorting network,295022900
10,104,openmp sorting network,170600
10,104,sequential sorting network,159700
10,104,std::sort,71500
20,104,own sorting network,866775200
20,104,openmp sorting network,525700
20,104,sequential sorting network,486900
20,104,std::sort,219400
30,104,own sorting network,1761982600
30,104,openmp sorting network,983400
30,104,sequential sorting network,934900
30,104,std::sort,432100
40,104,own sorting network,2921735200
40,104,openmp sorting network,1606200
40,104,sequential sorting network,1547100
40,104,std::sort,707800
50,104,own sorting network,4376058100
50,104,openmp sorting network,2424200
50,104,sequential sorting network,2341100
50,104,std::sort,1063000
60,104,own sorting network,6138662000
60,104,openmp sorting network,3352000
60,104,sequential sorting network,3268400
60,104,std::sort,1487500
70,104,own sorting network,8197821600
70,104,openmp sorting network,4430200
70,104,sequential sorting network,4346300
70,104,std::sort,1990100
80,104,own sorting network,10471683600
80,104,openmp sorting network,5634400
80,104,sequential sorting network,5548500
80,104,std::sort,2534600
90,104,own sorting network,13101213700
90,104,openmp sorting network,7063700
90,104,sequential sorting network,6971100
90,104,std::sort,3182800
100,104,own sorting network,16012353800
100,104,openmp sorting network,8594800
100,104,sequential sorting network,8561000
100,104,std::sort,3874000
10,112,own sorting network,303914400
10,112,openmp sorting network,187900
10,112,sequential sorting network,204400
10,112,std::sort,83400
20,112,own sorting network,957609200
20,112,openmp sorting network,534300
20,112,sequential sorting network,550500
20,112,std::sort,239800
30,112,own sorting network,1902963300
30,112,openmp sorting network,1026600
30,112,sequential sorting network,1049000
30,112,std::sort,459600
40,112,own sorting network,3186525600
40,112,openmp sorting network,1710400
40,112,sequential sorting network,1729100
40,112,std::sort,761100
50,112,own sorting network,4741204400
50,112,openmp sorting network,2545200
50,112,sequential sorting network,2554300
50,112,std::sort,1135200
60,112,own sorting network,6614199400
60,112,openmp sorting network,3556000
60,112,sequential sorting network,3529200
60,112,std::sort,1572500
70,112,own sorting network,8620416500
70,112,openmp sorting network,4868800
70,112,sequential sorting network,4837300
70,112,std::sort,2168200
80,112,own sorting network,10920929000
80,112,openmp sorting network,6273500
80,112,sequential sorting network,6204800
80,112,std::sort,2793800
90,112,own sorting network,13622891900
90,112,openmp sorting network,7734900
90,112,sequential sorting network,7673400
90,112,std::sort,3461700
100,112,own sorting network,16697588300
100,112,openmp sorting network,9364000
100,112,sequential sorting network,9305000
100,112,std::sort,4240900
10,120,own sorting network,328516000
10,120,openmp sorting network,187100
10,120,sequential sorting network,186600
10,120,std::sort,83900
20,120,own sorting network,994803500
20,120,openmp sorting network,551700
20,120,sequential sorting network,564600
20,120,std::sort,249400
30,120,own sorting network,1981055800
30,120,openmp sorting network,1090700
30,120,sequential sorting network,1105700
30,120,std::sort,506400
40,120,own sorting network,3303324700
40,120,openmp sorting network,1825100
40,120,sequential sorting network,1860400
40,120,std::sort,835300
50,120,own sorting network,4982466000
50,120,openmp sorting network,2722000
50,120,sequential sorting network,2749000
50,120,std::sort,1232900
60,120,own sorting network,6897440000
60,120,openmp sorting network,3998300
60,120,sequential sorting network,3869800
60,120,std::sort,1729700
70,120,own sorting network,9298627900
70,120,openmp sorting network,5350900
70,120,sequential sorting network,5139000
70,120,std::sort,2332500
80,120,own sorting network,11916724100
80,120,openmp sorting network,6827000
80,120,sequential sorting network,6594700
80,120,std::sort,2991900
90,120,own sorting network,14871664800
90,120,openmp sorting network,8407700
90,120,sequential sorting network,8214900
90,120,std::sort,3705500
100,120,own sorting network,18162377200
100,120,openmp sorting network,10236400
100,120,sequential sorting network,10028400
100,120,std::sort,4524500
10,128,own sorting network,356561100
10,128,openmp sorting network,202800
10,128,sequential sorting network,200700
10,128,std::sort,99400
20,128,own sorting network,1053981700
20,128,openmp sorting network,607700
20,128,sequential sorting network,594000
20,128,std::sort,286400
30,128,own sorting network,2142554800
30,128,openmp sorting network,1201900
30,128,sequential sorting network,1189500
30,128,std::sort,550100
40,128,own sorting network,3565777800
40,128,openmp sorting network,1965100
40,128,sequential sorting network,1960200
40,128,std::sort,903100
50,128,own sorting network,5327923600
50,128,openmp sorting network,3003200
50,128,sequential sorting network,2941300
50,128,std::sort,1354500
60,128,own sorting network,7457287700
60,128,openmp sorting network,4221500
60,128,sequential sorting network,4150500
60,128,std::sort,1905700
70,128,own sorting network,9856023400
70,128,openmp sorting network,5714300
70,128,sequential sorting network,5670500
70,128,std::sort,2577300
80,128,own sorting network,12691845900
80,128,openmp sorting network,7322000
80,128,sequential sorting network,7216200
80,128,std::sort,3300100
90,128,own sorting network,15825541100
90,128,openmp sorting network,9038500
90,128,sequential sorting network,8931500
90,128,std::sort,4075900
100,128,own sorting network,19343531300
100,128,openmp sorting network,11002100
100,128,sequential sorting network,11300800
100,128,std::sort,5097900
10,136,own sorting network,540070300
10,136,openmp sorting network,276700
10,136,sequential sorting network,288200
10,136,std::sort,108700
20,136,own sorting network,1537714200
20,136,openmp sorting network,750100
20,136,sequential sorting network,766900
20,136,std::sort,293500
30,136,own sorting network,2973020900
30,136,openmp sorting network,1476600
30,136,sequential sorting network,1464600
30,136,std::sort,594600
40,136,own sorting network,4896949300
40,136,openmp sorting network,2440500
40,136,sequential sorting network,2432000
40,136,std::sort,973300
50,136,own sorting network,7294625900
50,136,openmp sorting network,3609600
50,136,sequential sorting network,3607600
50,136,std::sort,1433500
60,136,own sorting network,10144652100
60,136,openmp sorting network,5068100
60,136,sequential sorting network,5010500
60,136,std::sort,1993700
70,136,own sorting network,13466852500
70,136,openmp sorting network,6749900
70,136,sequential sorting network,6694600
70,136,std::sort,2658000
80,136,own sorting network,17268832800
80,136,openmp sorting network,8727800
80,136,sequential sorting network,8624100
80,136,std::sort,3418700
90,136,own sorting network,21495004200
90,136,openmp sorting network,10926000
90,136,sequential sorting network,10781600
90,136,std::sort,4276700
100,136,own sorting network,26116435300
100,136,openmp sorting network,13278000
100,136,sequential sorting network,13229200
100,136,std::sort,5200600
10,144,own sorting network,499425000
10,144,openmp sorting network,262500
10,144,sequential sorting network,268400
10,144,std::sort,103100
20,144,own sorting network,1496013300
20,144,openmp sorting network,801400
20,144,sequential sorting network,806100
20,144,std::sort,315600
30,144,own sorting network,2940811100
30,144,openmp sorting network,1570200
30,144,sequential sorting network,1648900
30,144,std::sort,619000
40,144,own sorting network,4915810600
40,144,openmp sorting network,2601600
40,144,sequential sorting network,2678200
40,144,std::sort,1025100
50,144,own sorting network,7324624500
50,144,openmp sorting network,3862700
50,144,sequential sorting network,3946300
50,144,std::sort,1527400
60,144,own sorting network,10254785400
60,144,openmp sorting network,5399700
60,144,sequential sorting network,5504600
60,144,std::sort,2125100
70,144,own sorting network,13700268100
70,144,openmp sorting network,7170400
70,144,sequential sorting network,7244100
70,144,std::sort,2812900
80,144,own sorting network,17420802300
80,144,openmp sorting network,9207900
80,144,sequential sorting network,9299000
80,144,std::sort,3634000
90,144,own sorting network,21304163700
90,144,openmp sorting network,11518600
90,144,sequential sorting network,11599500
90,144,std::sort,4542000
100,144,own sorting network,25599634700
100,144,openmp sorting network,14098100
100,144,sequential sorting network,14190000
100,144,std::sort,5555400
10,152,own sorting network,493734000
10,152,openmp sorting network,270900
10,152,sequential sorting network,266800
10,152,std::sort,107400
20,152,own sorting network,1384635900
20,152,openmp sorting network,817100
20,152,sequential sorting network,823000
20,152,std::sort,322300
30,152,own sorting network,2720558800
30,152,openmp sorting network,1610600
30,152,sequential sorting network,1618700
30,152,std::sort,644800
40,152,own sorting network,4476248300
40,152,openmp sorting network,2682300
40,152,sequential sorting network,2677700
40,152,std::sort,1062600
50,152,own sorting network,6580436600
50,152,openmp sorting network,4027100
50,152,sequential sorting network,4035600
50,152,std::sort,1620400
60,152,own sorting network,9230632300
60,152,openmp sorting network,5609000
60,152,sequential sorting network,5642400
60,152,std::sort,2250800
70,152,own sorting network,12333710300
70,152,openmp sorting network,7516500
70,152,sequential sorting network,7543200
70,152,std::sort,2981400
80,152,own sorting network,16509729000
80,152,openmp sorting network,9705100
80,152,sequential sorting network,9740800
80,152,std::sort,3892900
90,152,own sorting network,21169839700
90,152,openmp sorting network,12096500
90,152,sequential sorting network,12118500
90,152,std::sort,4845400
100,152,own sorting network,26306994300
100,152,openmp sorting network,14986200
100,152,sequential sorting network,14933400
100,152,std::sort,5951000
10,160,own sorting network,562087000
10,160,openmp sorting network,280100
10,160,sequential sorting network,276300
10,160,std::sort,120300
20,160,own sorting network,1655651900
20,160,openmp sorting network,849700
20,160,sequential sorting network,831500
20,160,std::sort,354400
30,160,own sorting network,3287461900
30,160,openmp sorting network,1705400
30,160,sequential sorting network,1692400
30,160,std::sort,695700
40,160,own sorting network,5460619200
40,160,openmp sorting network,2862300
40,160,sequential sorting network,2839600
40,160,std::sort,1159900
50,160,own sorting network,8150808600
50,160,openmp sorting network,4304600
50,160,sequential sorting network,4282900
50,160,std::sort,1739700
60,160,own sorting network,11377478600
60,160,openmp sorting network,6017800
60,160,sequential sorting network,5996100
60,160,std::sort,2425200
70,160,own sorting network,15080596900
70,160,openmp sorting network,8016800
70,160,sequential sorting network,8001500
70,160,std::sort,3231400
80,160,own sorting network,19455844600
80,160,openmp sorting network,10302400
80,160,sequential sorting network,10282800
80,160,std::sort,4148000
90,160,own sorting network,24329423900
90,160,openmp sorting network,12870700
90,160,sequential sorting network,12847800
90,160,std::sort,5239400
100,160,own sorting network,29640659400
100,160,openmp sorting network,15710500
100,160,sequential sorting network,15775800
100,160,std::sort,6384400
10,168,own sorting network,538339900
10,168,openmp sorting network,307200
10,168,sequential sorting network,302200
10,168,std::sort,121400
20,168,own sorting network,1685243000
20,168,openmp sorting network,921000
20,168,sequential sorting network,910600
20,168,std::sort,373900
30,168,own sorting network,3312105300
30,168,openmp sorting network,1912000
30,168,sequential sorting network,1897100
30,168,std::sort,774900
40,168,own sorting network,5571057100
40,168,openmp sorting network,3123400
40,168,sequential sorting network,3127700
40,168,std::sort,1263600
50,168,own sorting network,8442458200
50,168,openmp sorting network,4636500
50,168,sequential sorting network,4585900
50,168,std::sort,1858900
60,168,own sorting network,11861122200
60,168,openmp sorting network,6452400
60,168,sequential sorting network,6435800
60,168,std::sort,2612300
70,168,own sorting network,15790380700
70,168,openmp sorting network,8565700
70,168,sequential sorting network,8537700
70,168,std::sort,3654200
80,168,own sorting network,20340158700
80,168,openmp sorting network,11221300
80,168,sequential sorting network,11080900
80,168,std::sort,4628000
90,168,own sorting network,25406429000
90,168,openmp sorting network,14025300
90,168,sequential sorting network,13814300
90,168,std::sort,5718500
100,168,own sorting network,30994753500
100,168,openmp sorting network,16987600
100,168,sequential sorting network,16836800
100,168,std::sort,6898700
10,176,own sorting network,603450400
10,176,openmp sorting network,316200
10,176,sequential sorting network,312000
10,176,std::sort,126100
20,176,own sorting network,1820767700
20,176,openmp sorting network,935100
20,176,sequential sorting network,935500
20,176,std::sort,375200
30,176,own sorting network,3540250100
30,176,openmp sorting network,1905000
30,176,sequential sorting network,1914600
30,176,std::sort,765000
40,176,own sorting network,5817071800
40,176,openmp sorting network,3171700
40,176,sequential sorting network,3212300
40,176,std::sort,1272700
50,176,own sorting network,8755950000
50,176,openmp sorting network,4748400
50,176,sequential sorting network,4801600
50,176,std::sort,1915400
60,176,own sorting network,12212847700
60,176,openmp sorting network,6606600
60,176,sequential sorting network,6661800
60,176,std::sort,2656000
70,176,own sorting network,16142345000
70,176,openmp sorting network,8817900
70,176,sequential sorting network,8827500
70,176,std::sort,3521500
80,176,own sorting network,20146034200
80,176,openmp sorting network,11300900
80,176,sequential sorting network,11326500
80,176,std::sort,4567000
90,176,own sorting network,24996226000
90,176,openmp sorting network,14090600
90,176,sequential sorting network,14104200
90,176,std::sort,5724200
100,176,own sorting network,30878550800
100,176,openmp sorting network,17186200
100,176,sequential sorting network,17265900
100,176,std::sort,6972000
10,184,own sorting network,607682800
10,184,openmp sorting network,341500
10,184,sequential sorting network,349100
10,184,std::sort,133300
20,184,own sorting network,1712646400
20,184,openmp sorting network,1064600
20,184,sequential sorting network,1046900
20,184,std::sort,441300
30,184,own sorting network,3527387400
30,184,openmp sorting network,2070100
30,184,sequential sorting network,2087500
30,184,std::sort,842700
40,184,own sorting network,6003307000
40,184,openmp sorting network,3372700
40,184,sequential sorting network,3386400
40,184,std::sort,1365700
50,184,own sorting network,9037810800
50,184,openmp sorting network,5065800
50,184,sequential sorting network,5015500
50,184,std::sort,2024900
60,184,own sorting network,12171581400
60,184,openmp sorting network,7025000
60,184,sequential sorting network,7047900
60,184,std::sort,2817700
70,184,own sorting network,15845221000
70,184,openmp sorting network,9407700
70,184,sequential sorting network,9431400
70,184,std::sort,3788300
80,184,own sorting network,20592592700
80,184,openmp sorting network,12072000
80,184,sequential sorting network,12087500
80,184,std::sort,4886600
90,184,own sorting network,26096790800
90,184,openmp sorting network,15084200
90,184,sequential sorting network,15083000
90,184,std::sort,6067300
100,184,own sorting network,31753869400
100,184,openmp sorting network,18433000
100,184,sequential sorting network,18455500
100,184,std::sort,7411500
10,192,own sorting network,549909200
10,192,openmp sorting network,351600
10,192,sequential sorting network,357200
10,192,std::sort,142600
20,192,own sorting network,1657487700
20,192,openmp sorting network,1065800
20,192,sequential sorting network,1060800
20,192,std::sort,427700
30,192,own sorting network,3243027800
30,192,openmp sorting network,2109200
30,192,sequential sorting network,2101400
30,192,std::sort,856800
40,192,own sorting network,5412434500
40,192,openmp sorting network,3533800
40,192,sequential sorting network,3503600
40,192,std::sort,1435500
50,192,own sorting network,8014983600
50,192,openmp sorting network,5306800
50,192,sequential sorting network,5250100
50,192,std::sort,2163800
60,192,own sorting network,11189332400
60,192,openmp sorting network,7412600
60,192,sequential sorting network,7334600
60,192,std::sort,3048100
70,192,own sorting network,14947055300
70,192,openmp sorting network,9823400
70,192,sequential sorting network,9710000
70,192,std::sort,4020000
80,192,own sorting network,19120276500
80,192,openmp sorting network,12534900
80,192,sequential sorting network,12425300
80,192,std::sort,5122600
90,192,own sorting network,24386563400
90,192,openmp sorting network,15578300
90,192,sequential sorting network,15499400
90,192,std::sort,6379900
100,192,own sorting network,30761723700
100,192,openmp sorting network,19041800
100,192,sequential sorting network,18923400
100,192,std::sort,7755900
10,200,own sorting network,680046700
10,200,openmp sorting network,383100
10,200,sequential sorting network,368600
10,200,std::sort,146700
20,200,own sorting network,2001842000
20,200,openmp sorting network,1122500
20,200,sequential sorting network,1084300
20,200,std::sort,436300
30,200,own sorting network,4012100200
30,200,openmp sorting network,2224400
30,200,sequential sorting network,2200200
30,200,std::sort,865600
40,200,own sorting network,6675740500
40,200,openmp sorting network,3680600
40,200,sequential sorting network,3646600
40,200,std::sort,1449500
50,200,own sorting network,9958647600
50,200,openmp sorting network,5487100
50,200,sequential sorting network,5457500
50,200,std::sort,2185600
60,200,own sorting network,13596652900
60,200,openmp sorting network,7695400
60,200,sequential sorting network,7727800
60,200,std::sort,3082100
70,200,own sorting network,17419343900
70,200,openmp sorting network,10240700
70,200,sequential sorting network,10279600
70,200,std::sort,4094400
80,200,own sorting network,21998931600
80,200,openmp sorting network,13203300
80,200,sequential sorting network,13269000
80,200,std::sort,5277200
90,200,own sorting network,27827062500
90,200,openmp sorting network,16554000
90,200,sequential sorting network,16623400
90,200,std::sort,6606500
100,200,own sorting network,34172541600
100,200,openmp sorting network,20251200
100,200,sequential sorting network,20298200
100,200,std::sort,8106900
10,208,own sorting network,671107500
10,208,openmp sorting network,383800
10,208,sequential sorting network,383000
10,208,std::sort,156000
20,208,own sorting network,1931188900
20,208,openmp sorting network,1160300
20,208,sequential sorting network,1160700
20,208,std::sort,466200
30,208,own sorting network,3697480900
30,208,openmp sorting network,2385800
30,208,sequential sorting network,2352200
30,208,std::sort,940700
40,208,own sorting network,5921999400
40,208,openmp sorting network,3901200
40,208,sequential sorting network,3875000
40,208,std::sort,1551200
50,208,own sorting network,8684454600
50,208,openmp sorting network,5820400
50,208,sequential sorting network,5797200
50,208,std::sort,2335900
60,208,own sorting network,12125054300
60,208,openmp sorting network,8141600
60,208,sequential sorting network,8072200
60,208,std::sort,3246800
70,208,own sorting network,16408951700
70,208,openmp sorting network,10821000
70,208,sequential sorting network,10825300
70,208,std::sort,4331600
80,208,own sorting network,21886389500
80,208,openmp sorting network,14031500
80,208,sequential sorting network,13844100
80,208,std::sort,5551100
90,208,own sorting network,27861798500
90,208,openmp sorting network,17508300
90,208,sequential sorting network,17283300
90,208,std::sort,6954600
100,208,own sorting network,34586330500
100,208,openmp sorting network,21261900
100,208,sequential sorting network,21059100
100,208,std::sort,8467300
10,216,own sorting network,701748700
10,216,openmp sorting network,393900
10,216,sequential sorting network,402000
10,216,std::sort,160200
20,216,own sorting network,2110984300
20,216,openmp sorting network,1200400
20,216,sequential sorting network,1211900
20,216,std::sort,481700
30,216,own sorting network,4240854100
30,216,openmp sorting network,2372800
30,216,sequential sorting network,2443400
30,216,std::sort,952600
40,216,own sorting network,7026694400
40,216,openmp sorting network,3923300
40,216,sequential sorting network,4015700
40,216,std::sort,1575800
50,216,own sorting network,10413901500
50,216,openmp sorting network,5882300
50,216,sequential sorting network,6071900
50,216,std::sort,2393600
60,216,own sorting network,14102999600
60,216,openmp sorting network,8302000
60,216,sequential sorting network,8395900
60,216,std::sort,3339100
70,216,own sorting network,18334673600
70,216,openmp sorting network,11102300
70,216,sequential sorting network,11201600
70,216,std::sort,4497600
80,216,own sorting network,23189036200
80,216,openmp sorting network,14317400
80,216,sequential sorting network,14410600
80,216,std::sort,5813900
90,216,own sorting network,28597235900
90,216,openmp sorting network,18025100
90,216,sequential sorting network,18091900
90,216,std::sort,7343000
100,216,own sorting network,34682778600
100,216,openmp sorting network,22032000
100,216,sequential sorting network,22181600
100,216,std::sort,8966200
10,224,own sorting network,621762800
10,224,openmp sorting network,429700
10,224,sequential sorting network,421600
10,224,std::sort,170000
20,224,own sorting network,2012422700
20,224,openmp sorting network,1264500
20,224,sequential sorting network,1256600
20,224,std::sort,507400
30,224,own sorting network,4244223900
30,224,openmp sorting network,2478600
30,224,sequential sorting network,2484200
30,224,std::sort,999100
40,224,own sorting network,7045562100
40,224,openmp sorting network,4139700
40,224,sequential sorting network,4151500
40,224,std::sort,1678000
50,224,own sorting network,10590536600
50,224,openmp sorting network,6230600
50,224,sequential sorting network,6589600
50,224,std::sort,2558700
60,224,own sorting network,14980223800
60,224,openmp sorting network,8716900
60,224,sequential sorting network,9081500
60,224,std::sort,3573700
70,224,own sorting network,19998470100
70,224,openmp sorting network,11652200
70,224,sequential sorting network,12018100
70,224,std::sort,4767000
80,224,own sorting network,25689094300
80,224,openmp sorting network,15126500
80,224,sequential sorting network,15370000
80,224,std::sort,6125000
90,224,own sorting network,32232208600
90,224,openmp sorting network,18831800
90,224,sequential sorting network,19042000
90,224,std::sort,7607000
100,224,own sorting network,39345706300
100,224,openmp sorting network,22886000
100,224,sequential sorting network,23073200
100,224,std::sort,9342700
10,232,own sorting network,725193400
10,232,openmp sorting network,428700
10,232,sequential sorting network,423200
10,232,std::sort,171700
20,232,own sorting network,2201776800
20,232,openmp sorting network,1344700
20,232,sequential sorting network,1345400
20,232,std::sort,543900
30,232,own sorting network,4407094100
30,232,openmp sorting network,2646700
30,232,sequential sorting network,2740200
30,232,std::sort,1068800
40,232,own sorting network,7375807100
40,232,openmp sorting network,4359700
40,232,sequential sorting network,4457300
40,232,std::sort,1749800
50,232,own sorting network,11006520600
50,232,openmp sorting network,6657200
50,232,sequential sorting network,6752600
50,232,std::sort,2652200
60,232,own sorting network,15092497000
60,232,openmp sorting network,9313800
60,232,sequential sorting network,9353200
60,232,std::sort,3706400
70,232,own sorting network,19139848300
70,232,openmp sorting network,12388400
70,232,sequential sorting network,12388200
70,232,std::sort,4964400
80,232,own sorting network,23797251500
80,232,openmp sorting network,15769700
80,232,sequential sorting network,15816600
80,232,std::sort,6329500
90,232,own sorting network,29059236600
90,232,openmp sorting network,19681000
90,232,sequential sorting network,19741200
90,232,std::sort,7916600
100,232,own sorting network,34856747400
100,232,openmp sorting network,23958100
100,232,sequential sorting network,23964600
100,232,std::sort,9640400
10,240,own sorting network,600791800
10,240,openmp sorting network,447200
10,240,sequential sorting network,434200
10,240,std::sort,181000
20,240,own sorting network,1814709100
20,240,openmp sorting network,1366300
20,240,sequential sorting network,1340000
20,240,std::sort,553300
30,240,own sorting network,3600157100
30,240,openmp sorting network,2739300
30,240,sequential sorting network,2677300
30,240,std::sort,1100400
40,240,own sorting network,5944681100
40,240,openmp sorting network,4493600
40,240,sequential sorting network,4449700
40,240,std::sort,1805800
50,240,own sorting network,9184181100
50,240,openmp sorting network,6963500
50,240,sequential sorting network,6753900
50,240,std::sort,2724200
60,240,own sorting network,13721715200
60,240,openmp sorting network,9697000
60,240,sequential sorting network,9477300
60,240,std::sort,3826400
70,240,own sorting network,18975710500
70,240,openmp sorting network,12823300
70,240,sequential sorting network,12561800
70,240,std::sort,5078800
80,240,own sorting network,24909613200
80,240,openmp sorting network,16691000
80,240,sequential sorting network,16376300
80,240,std::sort,6619600
90,240,own sorting network,31520897900
90,240,openmp sorting network,20841600
90,240,sequential sorting network,20446900
90,240,std::sort,8268700
100,240,own sorting network,38860829300
100,240,openmp sorting network,25368200
100,240,sequential sorting network,24965200
100,240,std::sort,10342300
10,248,own sorting network,746176900
10,248,openmp sorting network,515700
10,248,sequential sorting network,465800
10,248,std::sort,190100
20,248,own sorting network,2301695800
20,248,openmp sorting network,1454300
20,248,sequential sorting network,1403600
20,248,std::sort,568300
30,248,own sorting network,4539299400
30,248,openmp sorting network,2960500
30,248,sequential sorting network,2904200
30,248,std::sort,1171700
40,248,own sorting network,7575342200
40,248,openmp sorting network,4795100
40,248,sequential sorting network,4740500
40,248,std::sort,1916400
50,248,own sorting network,11426595900
50,248,openmp sorting network,7198500
50,248,sequential sorting network,7106700
50,248,std::sort,2840600
60,248,own sorting network,16015516700
60,248,openmp sorting network,10071900
60,248,sequential sorting network,9986200
60,248,std::sort,4005900
70,248,own sorting network,21360599100
70,248,openmp sorting network,13376800
70,248,sequential sorting network,13177500
70,248,std::sort,5296700
80,248,own sorting network,26495959700
80,248,openmp sorting network,17360000
80,248,sequential sorting network,17002700
80,248,std::sort,6874500
90,248,own sorting network,32095232300
90,248,openmp sorting network,21537400
90,248,sequential sorting network,21194700
90,248,std::sort,8598700
100,248,own sorting network,38216478600
100,248,openmp sorting network,26235000
100,248,sequential sorting network,25921700
100,248,std::sort,10498500
10,256,own sorting network,659097300
10,256,openmp sorting network,526200
10,256,sequential sorting network,494200
10,256,std::sort,202500
20,256,own sorting network,1918194400
20,256,openmp sorting network,1502900
20,256,sequential sorting network,1472700
20,256,std::sort,601100
30,256,own sorting network,4250896200
30,256,openmp sorting network,2987300
30,256,sequential sorting network,2962400
30,256,std::sort,1234900
40,256,own sorting network,7339285700
40,256,openmp sorting network,5009200
40,256,sequential sorting network,5112000
40,256,std::sort,2047700
50,256,own sorting network,11283514000
50,256,openmp sorting network,7383300
50,256,sequential sorting network,7506600
50,256,std::sort,3005500
60,256,own sorting network,15381125200
60,256,openmp sorting network,10371800
60,256,sequential sorting network,10549500
60,256,std::sort,4247900
70,256,own sorting network,19733901000
70,256,openmp sorting network,13750600
70,256,sequential sorting network,13970100
70,256,std::sort,5614500
80,256,own sorting network,24825572200
80,256,openmp sorting network,17549900
80,256,sequential sorting network,17767200
80,256,std::sort,7147500
90,256,own sorting network,31087898400
90,256,openmp sorting network,21816200
90,256,sequential sorting network,22069900
90,256,std::sort,8867500
100,256,own sorting network,38986755600
100,256,openmp sorting network,26799000
100,256,sequential sorting network,26938900
100,256,std::sort,10836700
10,8,own sorting network,5310900
10,8,openmp sorting network,3900
10,8,sequential sorting network,3800
10,8,std::sort,2900
20,8,own sorting network,16367900
20,8,openmp sorting network,11700
20,8,sequential sorting network,11500
20,8,std::sort,8300
30,8,own sorting network,32550600
30,8,openmp sorting network,22300
30,8,sequential sorting network,22200
30,8,std::sort,16300
40,8,own sorting network,54028400
40,8,openmp sorting network,36200
40,8,sequential sorting network,36500
40,8,std::sort,27100
50,8,own sorting network,80832200
50,8,openmp sorting network,52700
50,8,sequential sorting network,53400
50,8,std::sort,39700
60,8,own sorting network,112635300
60,8,openmp sorting network,72700
60,8,sequential sorting network,73700
60,8,std::sort,55200
70,8,own sorting network,149636200
70,8,openmp sorting network,96000
70,8,sequential sorting network,97000
70,8,std::sort,72800
80,8,own sorting network,191579700
80,8,openmp sorting network,123000
80,8,sequential sorting network,123800
80,8,std::sort,92300
90,8,own sorting network,239216900
90,8,openmp sorting network,153300
90,8,sequential sorting network,153900
90,8,std::sort,114900
100,8,own sorting network,291915100
100,8,openmp sorting network,186000
100,8,sequential sorting network,187200
100,8,std::sort,139500
10,16,own sorting network,17396600
10,16,openmp sorting network,12000
10,16,sequential sorting network,12600
10,16,std::sort,6800
20,16,own sorting network,52503800
20,16,openmp sorting network,34400
20,16,sequential sorting network,34100
20,16,std::sort,18500
30,16,own sorting network,105218500
30,16,openmp sorting network,66400
30,16,sequential sorting network,65200
30,16,std::sort,36300
40,16,own sorting network,175023600
40,16,openmp sorting network,107300
40,16,sequential sorting network,106400
40,16,std::sort,60100
50,16,own sorting network,263114800
50,16,openmp sorting network,159200
50,16,sequential sorting network,158300
50,16,std::sort,88600
60,16,own sorting network,368199300
60,16,openmp sorting network,222300
60,16,sequential sorting network,220800
60,16,std::sort,123300
70,16,own sorting network,491994600
70,16,openmp sorting network,293000
70,16,sequential sorting network,291000
70,16,std::sort,162700
80,16,own sorting network,632856400
80,16,openmp sorting network,373300
80,16,sequential sorting network,372400
80,16,std::sort,209400
90,16,own sorting network,797013100
90,16,openmp sorting network,464300
90,16,sequential sorting network,462900
90,16,std::sort,261100
100,16,own sorting network,971735200
100,16,openmp sorting network,565200
100,16,sequential sorting network,564400
100,16,std::sort,318900
10,24,own sorting network,38494000
10,24,openmp sorting network,22600
10,24,sequential sorting network,21600
10,24,std::sort,12800
20,24,own sorting network,116750600
20,24,openmp sorting network,63700
20,24,sequential sorting network,61700
20,24,std::sort,36500
30,24,own sorting network,235729500
30,24,openmp sorting network,126400
30,24,sequential sorting network,123500
30,24,std::sort,72100
40,24,own sorting network,393321400
40,24,openmp sorting network,205400
40,24,sequential sorting network,202400
40,24,std::sort,118100
50,24,own sorting network,590120400
50,24,openmp sorting network,305000
50,24,sequential sorting network,301000
50,24,std::sort,175500
60,24,own sorting network,832030000
60,24,openmp sorting network,424200
60,24,sequential sorting network,420400
60,24,std::sort,245500
70,24,own sorting network,1108138700
70,24,openmp sorting network,560000
70,24,sequential sorting network,555100
70,24,std::sort,325200
80,24,own sorting network,1422711600
80,24,openmp sorting network,715800
80,24,sequential sorting network,718900
80,24,std::sort,415500
90,24,own sorting network,1780545300
90,24,openmp sorting network,912800
90,24,sequential sorting network,914200
90,24,std::sort,522500
100,24,own sorting network,2261517800
100,24,openmp sorting network,1121700
100,24,sequential sorting network,1135100
100,24,std::sort,642700
10,32,own sorting network,55175300
10,32,openmp sorting network,31700
10,32,sequential sorting network,31400
10,32,std::sort,18500
20,32,own sorting network,163611400
20,32,openmp sorting network,119900
20,32,sequential sorting network,97400
20,32,std::sort,53600
30,32,own sorting network,322226700
30,32,openmp sorting network,203000
30,32,sequential sorting network,180500
30,32,std::sort,103900
40,32,own sorting network,531687000
40,32,openmp sorting network,314300
40,32,sequential sorting network,292100
40,32,std::sort,169300
50,32,own sorting network,791647700
50,32,openmp sorting network,452500
50,32,sequential sorting network,445700
50,32,std::sort,250400
60,32,own sorting network,1098276300
60,32,openmp sorting network,624700
60,32,sequential sorting network,607200
60,32,std::sort,344500
70,32,own sorting network,1462135100
70,32,openmp sorting network,818000
70,32,sequential sorting network,801000
70,32,std::sort,467200
80,32,own sorting network,1873151800
80,32,openmp sorting network,1033200
80,32,sequential sorting network,1025000
80,32,std::sort,594000
90,32,own sorting network,2338363100
90,32,openmp sorting network,1278300
90,32,sequential sorting network,1281400
90,32,std::sort,739000
100,32,own sorting network,2890312000
100,32,openmp sorting network,1592000
100,32,sequential sorting network,1585100
100,32,std::sort,917800
10,40,own sorting network,98859300
10,40,openmp sorting network,54800
10,40,sequential sorting network,48100
10,40,std::sort,24000
20,40,own sorting network,287016000
20,40,openmp sorting network,154300
20,40,sequential sorting network,138600
20,40,std::sort,68600
30,40,own sorting network,559503300
30,40,openmp sorting network,285500
30,40,sequential sorting network,269900
30,40,std::sort,134200
40,40,own sorting network,918616000
40,40,openmp sorting network,448500
40,40,sequential sorting network,433000
40,40,std::sort,216700
50,40,own sorting network,1345702800
50,40,openmp sorting network,659600
50,40,sequential sorting network,654500
50,40,std::sort,318800
60,40,own sorting network,1882520500
60,40,openmp sorting network,914800
60,40,sequential sorting network,910100
60,40,std::sort,446100
70,40,own sorting network,2509916100
70,40,openmp sorting network,1219700
70,40,sequential sorting network,1208100
70,40,std::sort,594000
80,40,own sorting network,3228740000
80,40,openmp sorting network,1558300
80,40,sequential sorting network,1549600
80,40,std::sort,767100
90,40,own sorting network,4042303900
90,40,openmp sorting network,1956900
90,40,sequential sorting network,1939300
90,40,std::sort,965200
100,40,own sorting network,4946719900
100,40,openmp sorting network,2390400
100,40,sequential sorting network,2362600
100,40,std::sort,1175800
10,48,own sorting network,105857700
10,48,openmp sorting network,57000
10,48,sequential sorting network,56000
10,48,std::sort,28200
20,48,own sorting network,321878600
20,48,openmp sorting network,170700
20,48,sequential sorting network,169400
20,48,std::sort,84200
30,48,own sorting network,643852800
30,48,openmp sorting network,330400
30,48,sequential sorting network,329100
30,48,std::sort,174100
40,48,own sorting network,1077059300
40,48,openmp sorting network,543700
40,48,sequential sorting network,563300
40,48,std::sort,281500
50,48,own sorting network,1612946800
50,48,openmp sorting network,805700
50,48,sequential sorting network,827800
50,48,std::sort,415500
60,48,own sorting network,2260554600
60,48,openmp sorting network,1123800
60,48,sequential sorting network,1155500
60,48,std::sort,575400
70,48,own sorting network,3013760500
70,48,openmp sorting network,1498900
70,48,sequential sorting network,1528700
70,48,std::sort,771000
80,48,own sorting network,3880946800
80,48,openmp sorting network,1928500
80,48,sequential sorting network,1947300
80,48,std::sort,1017600
90,48,own sorting network,4847426800
90,48,openmp sorting network,2421700
90,48,sequential sorting network,2429700
90,48,std::sort,1271800
100,48,own sorting network,5919195900
100,48,openmp sorting network,2952000
100,48,sequential sorting network,2954400
100,48,std::sort,1542300
10,56,own sorting network,126790100
10,56,openmp sorting network,68400
10,56,sequential sorting network,76600
10,56,std::sort,33100
20,56,own sorting network,378124200
20,56,openmp sorting network,199800
20,56,sequential sorting network,207200
20,56,std::sort,99700
30,56,own sorting network,753482200
30,56,openmp sorting network,396600
30,56,sequential sorting network,403300
30,56,std::sort,200300
40,56,own sorting network,1257690800
40,56,openmp sorting network,652100
40,56,sequential sorting network,658400
40,56,std::sort,330100
50,56,own sorting network,1886245400
50,56,openmp sorting network,976100
50,56,sequential sorting network,982500
50,56,std::sort,495200
60,56,own sorting network,2634235600
60,56,openmp sorting network,1377300
60,56,sequential sorting network,1372400
60,56,std::sort,700700
70,56,own sorting network,3512909600
70,56,openmp sorting network,1818300
70,56,sequential sorting network,1824600
70,56,std::sort,925900
80,56,own sorting network,4500017000
80,56,openmp sorting network,2329800
80,56,sequential sorting network,2341500
80,56,std::sort,1183000
90,56,own sorting network,5594625500
90,56,openmp sorting network,2901900
90,56,sequential sorting network,2940400
90,56,std::sort,1470800
100,56,own sorting network,6842415100
100,56,openmp sorting network,3539700
100,56,sequential sorting network,3594500
100,56,std::sort,1799700
10,64,own sorting network,142805400
10,64,openmp sorting network,79100
10,64,sequential sorting network,86700
10,64,std::sort,39000
20,64,own sorting network,421177300
20,64,openmp sorting network,264000
20,64,sequential sorting network,237500
20,64,std::sort,116600
30,64,own sorting network,839906200
30,64,openmp sorting network,520200
30,64,sequential sorting network,464100
30,64,std::sort,230200
40,64,own sorting network,1370911700
40,64,openmp sorting network,836900
40,64,sequential sorting network,773000
40,64,std::sort,386700
50,64,own sorting network,2037531900
50,64,openmp sorting network,1250400
50,64,sequential sorting network,1157700
50,64,std::sort,590800
60,64,own sorting network,2826022400
60,64,openmp sorting network,1706300
60,64,sequential sorting network,1607300
60,64,std::sort,817300
70,64,own sorting network,3769618700
70,64,openmp sorting network,2281900
70,64,sequential sorting network,2145400
70,64,std::sort,1086700
80,64,own sorting network,4857188500
80,64,openmp sorting network,2875800
80,64,sequential sorting network,2790800
80,64,std::sort,1398800
90,64,own sorting network,6116487800
90,64,openmp sorting network,3568400
90,64,sequential sorting network,3493300
90,64,std::sort,1744900
100,64,own sorting network,7505024600
100,64,openmp sorting network,4362500
100,64,sequential sorting network,4286700
100,64,std::sort,2139600
10,72,own sorting network,214436700
10,72,openmp sorting network,111400
10,72,sequential sorting network,119200
10,72,std::sort,46000
20,72,own sorting network,635917400
20,72,openmp sorting network,324800
20,72,sequential sorting network,350700
20,72,std::sort,138000
30,72,own sorting network,1251055800
30,72,openmp sorting network,641300
30,72,sequential sorting network,677100
30,72,std::sort,276300
40,72,own sorting network,2028902000
40,72,openmp sorting network,1045900
40,72,sequential sorting network,1088900
40,72,std::sort,457100
50,72,own sorting network,3063962200
50,72,openmp sorting network,1601200
50,72,sequential sorting network,1642500
50,72,std::sort,697700
60,72,own sorting network,4235566700
60,72,openmp sorting network,2194700
60,72,sequential sorting network,2263900
60,72,std::sort,958100
70,72,own sorting network,5646163100
70,72,openmp sorting network,2896200
70,72,sequential sorting network,3025300
70,72,std::sort,1262200
80,72,own sorting network,7234777600
80,72,openmp sorting network,3711300
80,72,sequential sorting network,3832100
80,72,std::sort,1622400
90,72,own sorting network,9082937200
90,72,openmp sorting network,4631200
90,72,sequential sorting network,4762500
90,72,std::sort,2020400
100,72,own sorting network,11125676000
100,72,openmp sorting network,5667100
100,72,sequential sorting network,5785600
100,72,std::sort,2476200
10,80,own sorting network,222968100
10,80,openmp sorting network,122600
10,80,sequential sorting network,119500
10,80,std::sort,53300
20,80,own sorting network,682170200
20,80,openmp sorting network,362200
20,80,sequential sorting network,355400
20,80,std::sort,159500
30,80,own sorting network,1374501600
30,80,openmp sorting network,704100
30,80,sequential sorting network,697900
30,80,std::sort,312000
40,80,own sorting network,2294234600
40,80,openmp sorting network,1159300
40,80,sequential sorting network,1142700
40,80,std::sort,537500
50,80,own sorting network,3424255900
50,80,openmp sorting network,1735400
50,80,sequential sorting network,1719200
50,80,std::sort,789800
60,80,own sorting network,4794441600
60,80,openmp sorting network,2412300
60,80,sequential sorting network,2404300
60,80,std::sort,1093400
70,80,own sorting network,6425566100
70,80,openmp sorting network,3240000
70,80,sequential sorting network,3196000
70,80,std::sort,1446200
80,80,own sorting network,8254086200
80,80,openmp sorting network,4161300
80,80,sequential sorting network,4110200
80,80,std::sort,1847400
90,80,own sorting network,10310523400
90,80,openmp sorting network,5163100
90,80,sequential sorting network,5113400
90,80,std::sort,2291100
100,80,own sorting network,12566576900
100,80,openmp sorting network,6302200
100,80,sequential sorting network,6224200
100,80,std::sort,2783600
10,88,own sorting network,238086800
10,88,openmp sorting network,133000
10,88,sequential sorting network,130500
10,88,std::sort,58900
20,88,own sorting network,721112100
20,88,openmp sorting network,384900
20,88,sequential sorting network,382100
20,88,std::sort,176800
30,88,own sorting network,1437279500
30,88,openmp sorting network,769400
30,88,sequential sorting network,773100
30,88,std::sort,348700
40,88,own sorting network,2403776000
40,88,openmp sorting network,1270100
40,88,sequential sorting network,1280300
40,88,std::sort,571900
50,88,own sorting network,3608239000
50,88,openmp sorting network,1896000
50,88,sequential sorting network,1900400
50,88,std::sort,848400
60,88,own sorting network,5052135600
60,88,openmp sorting network,2664800
60,88,sequential sorting network,2669500
60,88,std::sort,1188700
70,88,own sorting network,6729020900
70,88,openmp sorting network,3538100
70,88,sequential sorting network,3544600
70,88,std::sort,1573400
80,88,own sorting network,8644661100
80,88,openmp sorting network,4537600
80,88,sequential sorting network,4546500
80,88,std::sort,2012300
90,88,own sorting network,10761181500
90,88,openmp sorting network,5675800
90,88,sequential sorting network,5687700
90,88,std::sort,2526100
100,88,own sorting network,13224553600
100,88,openmp sorting network,6920000
100,88,sequential sorting network,6931300
100,88,std::sort,3082400
10,96,own sorting network,277729600
10,96,openmp sorting network,144700
10,96,sequential sorting network,141000
10,96,std::sort,62300
20,96,own sorting network,822064600
20,96,openmp sorting network,432700
20,96,sequential sorting network,416100
20,96,std::sort,184900
30,96,own sorting network,1621499800
30,96,openmp sorting network,840500
30,96,sequential sorting network,831700
30,96,std::sort,370300
40,96,own sorting network,2701915700
40,96,openmp sorting network,1403400
40,96,sequential sorting network,1390000
40,96,std::sort,620500
50,96,own sorting network,4084732200
50,96,openmp sorting network,2099900
50,96,sequential sorting network,2090700
50,96,std::sort,943300
60,96,own sorting network,5707493600
60,96,openmp sorting network,2925600
60,96,sequential sorting network,2930600
60,96,std::sort,1308000
70,96,own sorting network,7538046900
70,96,openmp sorting network,3893500
70,96,sequential sorting network,3894700
70,96,std::sort,1733400
80,96,own sorting network,9701954100
80,96,openmp sorting network,5004300
80,96,sequential sorting network,4987200
80,96,std::sort,2223200
90,96,own sorting network,12159321600
90,96,openmp sorting network,6230900
90,96,sequential sorting network,6211700
90,96,std::sort,2779600
100,96,own sorting network,14841898200
100,96,openmp sorting network,7673100
100,96,sequential sorting network,7632300
100,96,std::sort,3408800
10,104,own sorting network,295943600
10,104,openmp sorting network,157900
10,104,sequential sorting network,153100
10,104,std::sort,68900
20,104,own sorting network,853814600
20,104,openmp sorting network,470200
20,104,sequential sorting network,453200
20,104,std::sort,204600
30,104,own sorting network,1686981900
30,104,openmp sorting network,929300
30,104,sequential sorting network,916900
30,104,std::sort,406400
40,104,own sorting network,2781295700
40,104,openmp sorting network,1687500
40,104,sequential sorting network,1540600
40,104,std::sort,683100
50,104,own sorting network,4096051700
50,104,openmp sorting network,2508800
50,104,sequential sorting network,2331200
50,104,std::sort,1038500
60,104,own sorting network,5740951000
60,104,openmp sorting network,3420500
60,104,sequential sorting network,3244000
60,104,std::sort,1444300
70,104,own sorting network,7685075300
70,104,openmp sorting network,4472300
70,104,sequential sorting network,4294500
70,104,std::sort,1917700
80,104,own sorting network,9878921800
80,104,openmp sorting network,5737600
80,104,sequential sorting network,5573600
80,104,std::sort,2498600
90,104,own sorting network,12312631100
90,104,openmp sorting network,7155400
90,104,sequential sorting network,6975200
90,104,std::sort,3150800
100,104,own sorting network,15020134200
100,104,openmp sorting network,8734900
100,104,sequential sorting network,8638700
100,104,std::sort,3862800
10,112,own sorting network,287342400
10,112,openmp sorting network,180500
10,112,sequential sorting network,178100
10,112,std::sort,90400
20,112,own sorting network,922747400
20,112,openmp sorting network,509400
20,112,sequential sorting network,519400
20,112,std::sort,237800
30,112,own sorting network,1857410200
30,112,openmp sorting network,997500
30,112,sequential sorting network,1016600
30,112,std::sort,457500
40,112,own sorting network,3138869400
40,112,openmp sorting network,1697300
40,112,sequential sorting network,1701900
40,112,std::sort,747700
50,112,own sorting network,4697660400
50,112,openmp sorting network,2543500
50,112,sequential sorting network,2535100
50,112,std::sort,1131600
60,112,own sorting network,6419837700
60,112,openmp sorting network,3575400
60,112,sequential sorting network,3536900
60,112,std::sort,1583200
70,112,own sorting network,8348855500
70,112,openmp sorting network,4777700
70,112,sequential sorting network,4746700
70,112,std::sort,2151400
80,112,own sorting network,10593859900
80,112,openmp sorting network,6077700
80,112,sequential sorting network,6048800
80,112,std::sort,2735400
90,112,own sorting network,13175754500
90,112,openmp sorting network,7586400
90,112,sequential sorting network,7553000
90,112,std::sort,3435600
100,112,own sorting network,16051028500
100,112,openmp sorting network,9254000
100,112,sequential sorting network,9230600
100,112,std::sort,4216200
10,120,own sorting network,307456100
10,120,openmp sorting network,186400
10,120,sequential sorting network,183500
10,120,std::sort,82800
20,120,own sorting network,922425300
20,120,openmp sorting network,543600
20,120,sequential sorting network,546300
20,120,std::sort,265900
30,120,own sorting network,1837353800
30,120,openmp sorting network,1097400
30,120,sequential sorting network,1109900
30,120,std::sort,511300
40,120,own sorting network,3061974500
40,120,openmp sorting network,1808300
40,120,sequential sorting network,1810000
40,120,std::sort,837700
50,120,own sorting network,4612011400
50,120,openmp sorting network,2715800
50,120,sequential sorting network,2716900
50,120,std::sort,1246100
60,120,own sorting network,6438519100
60,120,openmp sorting network,3785800
60,120,sequential sorting network,3779600
60,120,std::sort,1718900
70,120,own sorting network,8588282700
70,120,openmp sorting network,5049400
70,120,sequential sorting network,5044800
70,120,std::sort,2319800
80,120,own sorting network,11034658400
80,120,openmp sorting network,6491500
80,120,sequential sorting network,6520700
80,120,std::sort,2977800
90,120,own sorting network,13778175800
90,120,openmp sorting network,8086700
90,120,sequential sorting network,8129200
90,120,std::sort,3687000
100,120,own sorting network,16820744200
100,120,openmp sorting network,10132400
100,120,sequential sorting network,10052000
100,120,std::sort,4552900
10,128,own sorting network,336340000
10,128,openmp sorting network,203200
10,128,sequential sorting network,199600
10,128,std::sort,89000
20,128,own sorting network,976848200
20,128,openmp sorting network,587200
20,128,sequential sorting network,588600
20,128,std::sort,263900
30,128,own sorting network,1944884700
30,128,openmp sorting network,1159600
30,128,sequential sorting network,1167600
30,128,std::sort,520500
40,128,own sorting network,3243038500
40,128,openmp sorting network,1967100
40,128,sequential sorting network,1952400
40,128,std::sort,879700
50,128,own sorting network,4829973700
50,128,openmp sorting network,2950200
50,128,sequential sorting network,2937500
50,128,std::sort,1324500
60,128,own sorting network,6717191300
60,128,openmp sorting network,4123700
60,128,sequential sorting network,4111200
60,128,std::sort,1850300
70,128,own sorting network,8915215600
70,128,openmp sorting network,5529100
70,128,sequential sorting network,5497000
70,128,std::sort,2459100
80,128,own sorting network,11399442400
80,128,openmp sorting network,7105200
80,128,sequential sorting network,7151800
80,128,std::sort,3175400
90,128,own sorting network,14245541000
90,128,openmp sorting network,8889100
90,128,sequential sorting network,8935200
90,128,std::sort,3950600
100,128,own sorting network,17463225000
100,128,openmp sorting network,10851500
100,128,sequential sorting network,10907200
100,128,std::sort,4849900
10,136,own sorting network,487022900
10,136,openmp sorting network,248500
10,136,sequential sorting network,259800
10,136,std::sort,95800
20,136,own sorting network,1444406400
20,136,openmp sorting network,731900
20,136,sequential sorting network,739500
20,136,std::sort,286800
30,136,own sorting network,2879423000
30,136,openmp sorting network,1470700
30,136,sequential sorting network,1470300
30,136,std::sort,569300
40,136,own sorting network,4795654400
40,136,openmp sorting network,2486400
40,136,sequential sorting network,2468700
40,136,std::sort,956400
50,136,own sorting network,7096400500
50,136,openmp sorting network,3691200
50,136,sequential sorting network,3759500
50,136,std::sort,1432500
60,136,own sorting network,9981236400
60,136,openmp sorting network,5148200
60,136,sequential sorting network,5208500
60,136,std::sort,2011500
70,136,own sorting network,13334058900
70,136,openmp sorting network,6804100
70,136,sequential sorting network,6850300
70,136,std::sort,2664700
80,136,own sorting network,17210720600
80,136,openmp sorting network,8728100
80,136,sequential sorting network,8784700
80,136,std::sort,3422800
90,136,own sorting network,21519502000
90,136,openmp sorting network,10903000
90,136,sequential sorting network,11007200
90,136,std::sort,4312200
100,136,own sorting network,26284888300
100,136,openmp sorting network,13257300
100,136,sequential sorting network,13368300
100,136,std::sort,5299100
10,144,own sorting network,465787600
10,144,openmp sorting network,259700
10,144,sequential sorting network,264400
10,144,std::sort,102400
20,144,own sorting network,1443139000
20,144,openmp sorting network,789400
20,144,sequential sorting network,807200
20,144,std::sort,311000
30,144,own sorting network,2964065000
30,144,openmp sorting network,1560500
30,144,sequential sorting network,1573000
30,144,std::sort,621300
40,144,own sorting network,4881351300
40,144,openmp sorting network,2591500
40,144,sequential sorting network,2601900
40,144,std::sort,1033300
50,144,own sorting network,7335662900
50,144,openmp sorting network,3875500
50,144,sequential sorting network,3895800
50,144,std::sort,1537800
60,144,own sorting network,10219293900
60,144,openmp sorting network,5408000
60,144,sequential sorting network,5431200
60,144,std::sort,2139900
70,144,own sorting network,13660281800
70,144,openmp sorting network,7159300
70,144,sequential sorting network,7253900
70,144,std::sort,2836700
80,144,own sorting network,17666814600
80,144,openmp sorting network,9186500
80,144,sequential sorting network,9249200
80,144,std::sort,3622200
90,144,own sorting network,22175294100
90,144,openmp sorting network,11484600
90,144,sequential sorting network,11561300
90,144,std::sort,4526100
100,144,own sorting network,27197830000
100,144,openmp sorting network,13967700
100,144,sequential sorting network,14130600
100,144,std::sort,5530700
10,152,own sorting network,526864700
10,152,openmp sorting network,319900
10,152,sequential sorting network,288600
10,152,std::sort,115700
20,152,own sorting network,1550392700
20,152,openmp sorting network,878100
20,152,sequential sorting network,843600
20,152,std::sort,334000
30,152,own sorting network,3131514800
30,152,openmp sorting network,1688100
30,152,sequential sorting network,1663900
30,152,std::sort,663400
40,152,own sorting network,5182773000
40,152,openmp sorting network,2778600
40,152,sequential sorting network,2754600
40,152,std::sort,1100100
50,152,own sorting network,7748493900
50,152,openmp sorting network,4137500
50,152,sequential sorting network,4119000
50,152,std::sort,1635900
60,152,own sorting network,10760939700
60,152,openmp sorting network,5869400
60,152,sequential sorting network,5704300
60,152,std::sort,2272900
70,152,own sorting network,14241112200
70,152,openmp sorting network,7859300
70,152,sequential sorting network,7630200
70,152,std::sort,3031400
80,152,own sorting network,18386489800
80,152,openmp sorting network,9980100
80,152,sequential sorting network,9763600
80,152,std::sort,3865800
90,152,own sorting network,22576325000
90,152,openmp sorting network,12421700
90,152,sequential sorting network,12218500
90,152,std::sort,4833100
100,152,own sorting network,27003618500
100,152,openmp sorting network,15204200
100,152,sequential sorting network,14963000
100,152,std::sort,5911700
10,160,own sorting network,479426500
10,160,openmp sorting network,285200
10,160,sequential sorting network,289200
10,160,std::sort,122800
20,160,own sorting network,1401386000
20,160,openmp sorting network,856200
20,160,sequential sorting network,858400
20,160,std::sort,352400
30,160,own sorting network,2986825200
30,160,openmp sorting network,1699800
30,160,sequential sorting network,1778500
30,160,std::sort,693800
40,160,own sorting network,5132366200
40,160,openmp sorting network,2810800
40,160,sequential sorting network,2915000
40,160,std::sort,1151800
50,160,own sorting network,7873528300
50,160,openmp sorting network,4198600
50,160,sequential sorting network,4298800
50,160,std::sort,1780100
60,160,own sorting network,11154947100
60,160,openmp sorting network,5909600
60,160,sequential sorting network,6001500
60,160,std::sort,2475000
70,160,own sorting network,14912174900
70,160,openmp sorting network,7854900
70,160,sequential sorting network,7954800
70,160,std::sort,3311100
80,160,own sorting network,19142816600
80,160,openmp sorting network,10125300
80,160,sequential sorting network,10167900
80,160,std::sort,4205500
90,160,own sorting network,24095336500
90,160,openmp sorting network,12810900
90,160,sequential sorting network,12694300
90,160,std::sort,5210500
100,160,own sorting network,29535366600
100,160,openmp sorting network,15571500
100,160,sequential sorting network,15472700
100,160,std::sort,6328900
10,168,own sorting network,573870100
10,168,openmp sorting network,307800
10,168,sequential sorting network,314100
10,168,std::sort,122900
20,168,own sorting network,1740319400
20,168,openmp sorting network,894700
20,168,sequential sorting network,908600
20,168,std::sort,360800
30,168,own sorting network,3490360500
30,168,openmp sorting network,1803200
30,168,sequential sorting network,1813100
30,168,std::sort,753900
40,168,own sorting network,5669106600
40,168,openmp sorting network,3008400
40,168,sequential sorting network,2996100
40,168,std::sort,1229900
50,168,own sorting network,8098847400
50,168,openmp sorting network,4513800
50,168,sequential sorting network,4503100
50,168,std::sort,1842500
60,168,own sorting network,11075266600
60,168,openmp sorting network,6274200
60,168,sequential sorting network,6257500
60,168,std::sort,2557900
70,168,own sorting network,14957756600
70,168,openmp sorting network,8521200
70,168,sequential sorting network,8506600
70,168,std::sort,3458700
80,168,own sorting network,19420636500
80,168,openmp sorting network,10897200
80,168,sequential sorting network,10851900
80,168,std::sort,4398800
90,168,own sorting network,24524315200
90,168,openmp sorting network,13605800
90,168,sequential sorting network,13512100
90,168,std::sort,5466600
100,168,own sorting network,30099753100
100,168,openmp sorting network,16616800
100,168,sequential sorting network,16526300
100,168,std::sort,6696500
10,176,own sorting network,594729800
10,176,openmp sorting network,323800
10,176,sequential sorting network,319500
10,176,std::sort,135600
20,176,own sorting network,1758144600
20,176,openmp sorting network,943700
20,176,sequential sorting network,965400
20,176,std::sort,410500
30,176,own sorting network,3502379500
30,176,openmp sorting network,1887600
30,176,sequential sorting network,1921700
30,176,std::sort,781400
40,176,own sorting network,5914943500
40,176,openmp sorting network,3187400
40,176,sequential sorting network,3164300
40,176,std::sort,1288700
50,176,own sorting network,8873136700
50,176,openmp sorting network,4792000
50,176,sequential sorting network,4758000
50,176,std::sort,1938600
60,176,own sorting network,12441636600
60,176,openmp sorting network,6699900
60,176,sequential sorting network,6627100
60,176,std::sort,2687000
70,176,own sorting network,16639306200
70,176,openmp sorting network,8876500
70,176,sequential sorting network,8880800
70,176,std::sort,3572400
80,176,own sorting network,21154851000
80,176,openmp sorting network,11376700
80,176,sequential sorting network,11348700
80,176,std::sort,4590100
90,176,own sorting network,26624015500
90,176,openmp sorting network,14164400
90,176,sequential sorting network,14149000
90,176,std::sort,5712600
100,176,own sorting network,32521399500
100,176,openmp sorting network,17271600
100,176,sequential sorting network,17332100
100,176,std::sort,6966300
10,184,own sorting network,614219200
10,184,openmp sorting network,370900
10,184,sequential sorting network,338500
10,184,std::sort,132400
20,184,own sorting network,1863177300
20,184,openmp sorting network,1034200
20,184,sequential sorting network,999100
20,184,std::sort,394900
30,184,own sorting network,3635565400
30,184,openmp sorting network,2040400
30,184,sequential sorting network,2008600
30,184,std::sort,795800
40,184,own sorting network,6103960500
40,184,openmp sorting network,3386900
40,184,sequential sorting network,3357500
40,184,std::sort,1360800
50,184,own sorting network,9111773900
50,184,openmp sorting network,5131700
50,184,sequential sorting network,5075600
50,184,std::sort,2048400
60,184,own sorting network,12718500200
60,184,openmp sorting network,7270400
60,184,sequential sorting network,7195700
60,184,std::sort,2891000
70,184,own sorting network,16654975300
70,184,openmp sorting network,9564600
70,184,sequential sorting network,9466400
70,184,std::sort,3816900
80,184,own sorting network,21295151500
80,184,openmp sorting network,12281100
80,184,sequential sorting network,12130500
80,184,std::sort,4900600
90,184,own sorting network,26030656600
90,184,openmp sorting network,15379900
90,184,sequential sorting network,15235100
90,184,std::sort,6166900
100,184,own sorting network,31114489000
100,184,openmp sorting network,18724900
100,184,sequential sorting network,18588400
100,184,std::sort,7527500
10,192,own sorting network,542200100
10,192,openmp sorting network,353800
10,192,sequential sorting network,360000
10,192,std::sort,143100
20,192,own sorting network,1630542000
20,192,openmp sorting network,1041300
20,192,sequential sorting network,1087000
20,192,std::sort,420900
30,192,own sorting network,3262011000
30,192,openmp sorting network,2164400
30,192,sequential sorting network,2192700
30,192,std::sort,875600
40,192,own sorting network,5281987600
40,192,openmp sorting network,3640700
40,192,sequential sorting network,3669700
40,192,std::sort,1475400
50,192,own sorting network,7804876000
50,192,openmp sorting network,5506200
50,192,sequential sorting network,5554200
50,192,std::sort,2227400
60,192,own sorting network,10797138700
60,192,openmp sorting network,7721900
60,192,sequential sorting network,7762800
60,192,std::sort,3125100
70,192,own sorting network,14224355700
70,192,openmp sorting network,10315800
70,192,sequential sorting network,10344800
70,192,std::sort,4178400
80,192,own sorting network,18271904800
80,192,openmp sorting network,13459300
80,192,sequential sorting network,13446200
80,192,std::sort,5435200
90,192,own sorting network,22960200400
90,192,openmp sorting network,17297800
90,192,sequential sorting network,17310600
90,192,std::sort,6908600
100,192,own sorting network,28038696300
100,192,openmp sorting network,20997300
100,192,sequential sorting network,21055000
100,192,std::sort,8398000
10,200,own sorting network,538248800
10,200,openmp sorting network,392700
10,200,sequential sorting network,404300
10,200,std::sort,159700
20,200,own sorting network,1600722000
20,200,openmp sorting network,1173600
20,200,sequential sorting network,1183300
20,200,std::sort,479600
30,200,own sorting network,3188804200
30,200,openmp sorting network,2343700
30,200,sequential sorting network,2365300
30,200,std::sort,962500
40,200,own sorting network,5234428200
40,200,openmp sorting network,3942100
40,200,sequential sorting network,3964000
40,200,std::sort,1606700
50,200,own sorting network,7907868700
50,200,openmp sorting network,5938500
50,200,sequential sorting network,5986000
50,200,std::sort,2412700
60,200,own sorting network,10998296600
60,200,openmp sorting network,8344500
60,200,sequential sorting network,8450100
60,200,std::sort,3376700
70,200,own sorting network,14385065200
70,200,openmp sorting network,11094900
70,200,sequential sorting network,11188700
70,200,std::sort,4492400
80,200,own sorting network,18249062300
80,200,openmp sorting network,14291400
80,200,sequential sorting network,14402400
80,200,std::sort,5801400
90,200,own sorting network,22751463100
90,200,openmp sorting network,17778500
90,200,sequential sorting network,18063400
90,200,std::sort,7213600
100,200,own sorting network,27663789600
100,200,openmp sorting network,21772300
100,200,sequential sorting network,22088300
100,200,std::sort,8814000
10,208,own sorting network,540172600
10,208,openmp sorting network,429300
10,208,sequential sorting network,418000
10,208,std::sort,167000
20,208,own sorting network,1615570900
20,208,openmp sorting network,1267600
20,208,sequential sorting network,1227200
20,208,std::sort,500800
30,208,own sorting network,3102623400
30,208,openmp sorting network,2535600
30,208,sequential sorting network,2450700
30,208,std::sort,987200
40,208,own sorting network,5166265300
40,208,openmp sorting network,4158200
40,208,sequential sorting network,4099100
40,208,std::sort,1637600
50,208,own sorting network,7944313200
50,208,openmp sorting network,6278700
50,208,sequential sorting network,6122000
50,208,std::sort,2474100
60,208,own sorting network,11108422500
60,208,openmp sorting network,8729000
60,208,sequential sorting network,8585500
60,208,std::sort,3454100
70,208,own sorting network,14797503900
70,208,openmp sorting network,11601200
70,208,sequential sorting network,11479200
70,208,std::sort,4598200
80,208,own sorting network,18834341000
80,208,openmp sorting network,14881700
80,208,sequential sorting network,14718200
80,208,std::sort,5901300
90,208,own sorting network,23431795500
90,208,openmp sorting network,18547900
90,208,sequential sorting network,18342900
90,208,std::sort,7398300
100,208,own sorting network,28745376400
100,208,openmp sorting network,22680400
100,208,sequential sorting network,22380400
100,208,std::sort,9074700
10,216,own sorting network,540497600
10,216,openmp sorting network,436500
10,216,sequential sorting network,455000
10,216,std::sort,170900
20,216,own sorting network,1586033100
20,216,openmp sorting network,1288900
20,216,sequential sorting network,1303800
20,216,std::sort,512200
30,216,own sorting network,3176691800
30,216,openmp sorting network,2553900
30,216,sequential sorting network,2569800
30,216,std::sort,1020900
40,216,own sorting network,5297216000
40,216,openmp sorting network,4250000
40,216,sequential sorting network,4292400
40,216,std::sort,1709400
50,216,own sorting network,8086012200
50,216,openmp sorting network,6451700
50,216,sequential sorting network,6477100
50,216,std::sort,2774400
60,216,own sorting network,11793848700
60,216,openmp sorting network,9116800
60,216,sequential sorting network,8941400
60,216,std::sort,3757800
70,216,own sorting network,15834328400
70,216,openmp sorting network,12218100
70,216,sequential sorting network,12053100
70,216,std::sort,5021200
80,216,own sorting network,20415045100
80,216,openmp sorting network,15708500
80,216,sequential sorting network,15523600
80,216,std::sort,6442200
90,216,own sorting network,25325673500
90,216,openmp sorting network,19710600
90,216,sequential sorting network,19400900
90,216,std::sort,8039800
100,216,own sorting network,30539788400
100,216,openmp sorting network,23936000
100,216,sequential sorting network,23681000
100,216,std::sort,9740400
10,224,own sorting network,525361500
10,224,openmp sorting network,443500
10,224,sequential sorting network,450400
10,224,std::sort,177500
20,224,own sorting network,1564454100
20,224,openmp sorting network,1346000
20,224,sequential sorting network,1355900
20,224,std::sort,551600
30,224,own sorting network,3164847700
30,224,openmp sorting network,2701500
30,224,sequential sorting network,2704500
30,224,std::sort,1104900
40,224,own sorting network,5267311700
40,224,openmp sorting network,4500900
40,224,sequential sorting network,4511400
40,224,std::sort,1832100
50,224,own sorting network,7988966500
50,224,openmp sorting network,6876600
50,224,sequential sorting network,6730800
50,224,std::sort,2729100
60,224,own sorting network,11307760200
60,224,openmp sorting network,9604900
60,224,sequential sorting network,9488700
60,224,std::sort,3857000
70,224,own sorting network,14917383600
70,224,openmp sorting network,12663800
70,224,sequential sorting network,12551800
70,224,std::sort,5117700
80,224,own sorting network,19152945900
80,224,openmp sorting network,16197100
80,224,sequential sorting network,16175100
80,224,std::sort,6544200
90,224,own sorting network,24058234700
90,224,openmp sorting network,20309900
90,224,sequential sorting network,20282900
90,224,std::sort,8148100
100,224,own sorting network,29511808300
100,224,openmp sorting network,24958300
100,224,sequential sorting network,24938500
100,224,std::sort,10026700
10,232,own sorting network,567997000
10,232,openmp sorting network,493000
10,232,sequential sorting network,491900
10,232,std::sort,195400
20,232,own sorting network,1787473800
20,232,openmp sorting network,1460500
20,232,sequential sorting network,1460800
20,232,std::sort,619600
30,232,own sorting network,3562499100
30,232,openmp sorting network,2905400
30,232,sequential sorting network,2914000
30,232,std::sort,1209100
40,232,own sorting network,5610179200
40,232,openmp sorting network,4740700
40,232,sequential sorting network,4792200
40,232,std::sort,1954500
50,232,own sorting network,8484003000
50,232,openmp sorting network,7104300
50,232,sequential sorting network,7204200
50,232,std::sort,2953000
60,232,own sorting network,11634955600
60,232,openmp sorting network,9949300
60,232,sequential sorting network,10111100
60,232,std::sort,4104700
70,232,own sorting network,15467100200
70,232,openmp sorting network,13253400
70,232,sequential sorting network,13430400
70,232,std::sort,5454900
80,232,own sorting network,19816651600
80,232,openmp sorting network,17078600
80,232,sequential sorting network,17275700
80,232,std::sort,6975500
90,232,own sorting network,24892395900
90,232,openmp sorting network,21317600
90,232,sequential sorting network,21527000
90,232,std::sort,8702400
100,232,own sorting network,30772538800
100,232,openmp sorting network,25902600
100,232,sequential sorting network,26136300
100,232,std::sort,10568800
10,240,own sorting network,595435900
10,240,openmp sorting network,473300
10,240,sequential sorting network,481000
10,240,std::sort,191700
20,240,own sorting network,1771293900
20,240,openmp sorting network,1465400
20,240,sequential sorting network,1462200
20,240,std::sort,595200
30,240,own sorting network,3556958300
30,240,openmp sorting network,3025800
30,240,sequential sorting network,3015600
30,240,std::sort,1206800
40,240,own sorting network,5834499000
40,240,openmp sorting network,5020000
40,240,sequential sorting network,5160500
40,240,std::sort,2007800
50,240,own sorting network,9107251600
50,240,openmp sorting network,7577100
50,240,sequential sorting network,7597800
50,240,std::sort,3002600
60,240,own sorting network,13134586100
60,240,openmp sorting network,10421200
60,240,sequential sorting network,10497800
60,240,std::sort,4186600
70,240,own sorting network,17733886000
70,240,openmp sorting network,13735000
70,240,sequential sorting network,13866300
70,240,std::sort,5542200
80,240,own sorting network,22966790100
80,240,openmp sorting network,17660500
80,240,sequential sorting network,17881400
80,240,std::sort,7124300
90,240,own sorting network,28857823900
90,240,openmp sorting network,21982900
90,240,sequential sorting network,22216200
90,240,std::sort,8873000
100,240,own sorting network,35478901100
100,240,openmp sorting network,26754600
100,240,sequential sorting network,26993400
100,240,std::sort,10817600
10,248,own sorting network,683151600
10,248,openmp sorting network,496600
10,248,sequential sorting network,503200
10,248,std::sort,200800
20,248,own sorting network,2052554100
20,248,openmp sorting network,1565200
20,248,sequential sorting network,1604300
20,248,std::sort,606500
30,248,own sorting network,3841184100
30,248,openmp sorting network,3099800
30,248,sequential sorting network,3138900
30,248,std::sort,1215700
40,248,own sorting network,6191913200
40,248,openmp sorting network,5126300
40,248,sequential sorting network,5164800
40,248,std::sort,2062700
50,248,own sorting network,9071900800
50,248,openmp sorting network,7646900
50,248,sequential sorting network,7669000
50,248,std::sort,3093200
60,248,own sorting network,12400255500
60,248,openmp sorting network,10675200
60,248,sequential sorting network,10727400
60,248,std::sort,4285400
70,248,own sorting network,16398884600
70,248,openmp sorting network,14148300
70,248,sequential sorting network,14190400
70,248,std::sort,5686500
80,248,own sorting network,20997634200
80,248,openmp sorting network,18085000
80,248,sequential sorting network,18173200
80,248,std::sort,7305000
90,248,own sorting network,26136344100
90,248,openmp sorting network,22542200
90,248,sequential sorting network,22681400
90,248,std::sort,9099700
100,248,own sorting network,31768936900
100,248,openmp sorting network,27579300
100,248,sequential sorting network,27755700
100,248,std::sort,11092800
10,256,own sorting network,571346400
10,256,openmp sorting network,527500
10,256,sequential sorting network,530100
10,256,std::sort,212900
20,256,own sorting network,1618839800
20,256,openmp sorting network,1664900
20,256,sequential sorting network,1579100
20,256,std::sort,623500
30,256,own sorting network,3306251400
30,256,openmp sorting network,3242100
30,256,sequential sorting network,3156300
30,256,std::sort,1283600
40,256,own sorting network,5556694700
40,256,openmp sorting network,5294900
40,256,sequential sorting network,5246400
40,256,std::sort,2114200
50,256,own sorting network,8385188200
50,256,openmp sorting network,7924700
50,256,sequential sorting network,7804400
50,256,std::sort,3149800
60,256,own sorting network,11635025800
60,256,openmp sorting network,11069300
60,256,sequential sorting network,10888600
60,256,std::sort,4423300
70,256,own sorting network,15252426600
70,256,openmp sorting network,14738500
70,256,sequential sorting network,14502700
70,256,std::sort,5872100
80,256,own sorting network,19844944500
80,256,openmp sorting network,18828200
80,256,sequential sorting network,18724600
80,256,std::sort,7556100
90,256,own sorting network,24940826500
90,256,openmp sorting network,23602400
90,256,sequential sorting network,23326000
90,256,std::sort,9428200
100,256,own sorting network,30600839700
100,256,openmp sorting network,28889700
100,256,sequential sorting network,28598300
100,256,std::sort,11551300
10,8,own sorting network,5636400
10,8,openmp sorting network,4800
10,8,sequential sorting network,4800
10,8,std::sort,4100
20,8,own sorting network,17280700
20,8,openmp sorting network,13100
20,8,sequential sorting network,12900
20,8,std::sort,10200
30,8,own sorting network,34645700
30,8,openmp sorting network,25400
30,8,sequential sorting network,25000
30,8,std::sort,19100
40,8,own sorting network,57454600
40,8,openmp sorting network,42100
40,8,sequential sorting network,40600
40,8,std::sort,30300
50,8,own sorting network,85751800
50,8,openmp sorting network,61000
50,8,sequential sorting network,59000
50,8,std::sort,44300
60,8,own sorting network,121034400
60,8,openmp sorting network,83500
60,8,sequential sorting network,82300
60,8,std::sort,60500
70,8,own sorting network,164540700
70,8,openmp sorting network,109000
70,8,sequential sorting network,109000
70,8,std::sort,79300
80,8,own sorting network,211811800
80,8,openmp sorting network,139200
80,8,sequential sorting network,138600
80,8,std::sort,100900
90,8,own sorting network,264760100
90,8,openmp sorting network,171900
90,8,sequential sorting network,171100
90,8,std::sort,124700
100,8,own sorting network,324210800
100,8,openmp sorting network,208800
100,8,sequential sorting network,207700
100,8,std::sort,150300
10,16,own sorting network,18915300
10,16,openmp sorting network,12900
10,16,sequential sorting network,16800
10,16,std::sort,7100
20,16,own sorting network,64582600
20,16,openmp sorting network,37000
20,16,sequential sorting network,41500
20,16,std::sort,20400
30,16,own sorting network,125931600
30,16,openmp sorting network,73100
30,16,sequential sorting network,77300
30,16,std::sort,40800
40,16,own sorting network,208188300
40,16,openmp sorting network,121900
40,16,sequential sorting network,125600
40,16,std::sort,66600
50,16,own sorting network,316156300
50,16,openmp sorting network,179500
50,16,sequential sorting network,183900
50,16,std::sort,99900
60,16,own sorting network,448084300
60,16,openmp sorting network,249300
60,16,sequential sorting network,253800
60,16,std::sort,138900
70,16,own sorting network,589669200
70,16,openmp sorting network,330700
70,16,sequential sorting network,359200
70,16,std::sort,184400
80,16,own sorting network,746065100
80,16,openmp sorting network,420900
80,16,sequential sorting network,449600
80,16,std::sort,234900
90,16,own sorting network,924646900
90,16,openmp sorting network,520200
90,16,sequential sorting network,547900
90,16,std::sort,291000
100,16,own sorting network,1117027300
100,16,openmp sorting network,628300
100,16,sequential sorting network,679200
100,16,std::sort,351900
10,24,own sorting network,45298700
10,24,openmp sorting network,31500
10,24,sequential sorting network,22900
10,24,std::sort,13100
20,24,own sorting network,127987100
20,24,openmp sorting network,78100
20,24,sequential sorting network,66400
20,24,std::sort,39800
30,24,own sorting network,253330500
30,24,openmp sorting network,144100
30,24,sequential sorting network,146900
30,24,std::sort,85200
40,24,own sorting network,416005300
40,24,openmp sorting network,230100
40,24,sequential sorting network,231100
40,24,std::sort,135400
50,24,own sorting network,622727300
50,24,openmp sorting network,345000
50,24,sequential sorting network,338200
50,24,std::sort,197200
60,24,own sorting network,862057300
60,24,openmp sorting network,465000
60,24,sequential sorting network,457900
60,24,std::sort,266200
70,24,own sorting network,1137024500
70,24,openmp sorting network,612900
70,24,sequential sorting network,595800
70,24,std::sort,346500
80,24,own sorting network,1451231400
80,24,openmp sorting network,773000
80,24,sequential sorting network,764300
80,24,std::sort,439300
90,24,own sorting network,1794702000
90,24,openmp sorting network,948400
90,24,sequential sorting network,938400
90,24,std::sort,540000
100,24,own sorting network,2182844400
100,24,openmp sorting network,1140900
100,24,sequential sorting network,1141200
100,24,std::sort,650000
10,32,own sorting network,51230100
10,32,openmp sorting network,29200
10,32,sequential sorting network,29400
10,32,std::sort,17100
20,32,own sorting network,152805600
20,32,openmp sorting network,86600
20,32,sequential sorting network,86700
20,32,std::sort,50300
30,32,own sorting network,305112500
30,32,openmp sorting network,171800
30,32,sequential sorting network,172900
30,32,std::sort,100100
40,32,own sorting network,509419100
40,32,openmp sorting network,281700
40,32,sequential sorting network,284800
40,32,std::sort,165300
50,32,own sorting network,766227400
50,32,openmp sorting network,420700
50,32,sequential sorting network,424700
50,32,std::sort,248200
60,32,own sorting network,1073705000
60,32,openmp sorting network,585300
60,32,sequential sorting network,590700
60,32,std::sort,345500
70,32,own sorting network,1429599400
70,32,openmp sorting network,785500
70,32,sequential sorting network,784900
70,32,std::sort,459400
80,32,own sorting network,1840783000
80,32,openmp sorting network,1010400
80,32,sequential sorting network,1015000
80,32,std::sort,631800
90,32,own sorting network,2302334100
90,32,openmp sorting network,1270100
90,32,sequential sorting network,1263000
90,32,std::sort,776600
100,32,own sorting network,2816542500
100,32,openmp sorting network,1552200
100,32,sequential sorting network,1555400
100,32,std::sort,940500
10,40,own sorting network,89033400
10,40,openmp sorting network,47800
10,40,sequential sorting network,46700
10,40,std::sort,23900
20,40,own sorting network,272838400
20,40,openmp sorting network,138800
20,40,sequential sorting network,137900
20,40,std::sort,68900
30,40,own sorting network,543899000
30,40,openmp sorting network,267800
30,40,sequential sorting network,267900
30,40,std::sort,135100
40,40,own sorting network,899790700
40,40,openmp sorting network,451600
40,40,sequential sorting network,462500
40,40,std::sort,225900
50,40,own sorting network,1368286200
50,40,openmp sorting network,676100
50,40,sequential sorting network,686600
50,40,std::sort,340200
60,40,own sorting network,1894145800
60,40,openmp sorting network,934400
60,40,sequential sorting network,947000
60,40,std::sort,471700
70,40,own sorting network,2515305200
70,40,openmp sorting network,1243700
70,40,sequential sorting network,1259100
70,40,std::sort,629000
80,40,own sorting network,3223126400
80,40,openmp sorting network,1578400
80,40,sequential sorting network,1605300
80,40,std::sort,797500
90,40,own sorting network,3994642800
90,40,openmp sorting network,1979000
90,40,sequential sorting network,1994000
90,40,std::sort,994800
100,40,own sorting network,4855821900
100,40,openmp sorting network,2406100
100,40,sequential sorting network,2433400
100,40,std::sort,1211700
10,48,own sorting network,102208900
10,48,openmp sorting network,59900
10,48,sequential sorting network,59000
10,48,std::sort,30200
20,48,own sorting network,307831100
20,48,openmp sorting network,176700
20,48,sequential sorting network,176300
20,48,std::sort,90600
30,48,own sorting network,630058100
30,48,openmp sorting network,340700
30,48,sequential sorting network,337500
30,48,std::sort,171300
40,48,own sorting network,1041032500
40,48,openmp sorting network,561900
40,48,sequential sorting network,557300
40,48,std::sort,280600
50,48,own sorting network,1579258600
50,48,openmp sorting network,840200
50,48,sequential sorting network,826700
50,48,std::sort,418600
60,48,own sorting network,2199983600
60,48,openmp sorting network,1171400
60,48,sequential sorting network,1148500
60,48,std::sort,582500
70,48,own sorting network,2924001800
70,48,openmp sorting network,1560800
70,48,sequential sorting network,1527200
70,48,std::sort,771200
80,48,own sorting network,3757475800
80,48,openmp sorting network,1979400
80,48,sequential sorting network,1955100
80,48,std::sort,984000
90,48,own sorting network,4683263500
90,48,openmp sorting network,2465700
90,48,sequential sorting network,2436400
90,48,std::sort,1224400
100,48,own sorting network,5717462300
100,48,openmp sorting network,2996200
100,48,sequential sorting network,2967400
100,48,std::sort,1490700
10,56,own sorting network,120470400
10,56,openmp sorting network,68100
10,56,sequential sorting network,66700
10,56,std::sort,33500
20,56,own sorting network,352738700
20,56,openmp sorting network,200600
20,56,sequential sorting network,196300
20,56,std::sort,99200
30,56,own sorting network,710003300
30,56,openmp sorting network,392700
30,56,sequential sorting network,389000
30,56,std::sort,198200
40,56,own sorting network,1182831300
40,56,openmp sorting network,656700
40,56,sequential sorting network,643000
40,56,std::sort,326300
50,56,own sorting network,1799575000
50,56,openmp sorting network,982600
50,56,sequential sorting network,958300
50,56,std::sort,489200
60,56,own sorting network,2537401800
60,56,openmp sorting network,1389900
60,56,sequential sorting network,1378600
60,56,std::sort,696300
70,56,own sorting network,3407747700
70,56,openmp sorting network,1849600
70,56,sequential sorting network,1826600
70,56,std::sort,933700
80,56,own sorting network,4388731600
80,56,openmp sorting network,2366100
80,56,sequential sorting network,2349900
80,56,std::sort,1190300
90,56,own sorting network,5483920900
90,56,openmp sorting network,2930800
90,56,sequential sorting network,2923100
90,56,std::sort,1478300
100,56,own sorting network,6706936300
100,56,openmp sorting network,3585200
100,56,sequential sorting network,3580700
100,56,std::sort,1805800
10,64,own sorting network,137415600
10,64,openmp sorting network,79700
10,64,sequential sorting network,86200
10,64,std::sort,39100
20,64,own sorting network,417521200
20,64,openmp sorting network,241200
20,64,sequential sorting network,249100
20,64,std::sort,116900
30,64,own sorting network,833185800
30,64,openmp sorting network,484500
30,64,sequential sorting network,482500
30,64,std::sort,234300
40,64,own sorting network,1393386300
40,64,openmp sorting network,785000
40,64,sequential sorting network,782900
40,64,std::sort,394100
50,64,own sorting network,2094471100
50,64,openmp sorting network,1171900
50,64,sequential sorting network,1179900
50,64,std::sort,587200
60,64,own sorting network,2940153900
60,64,openmp sorting network,1669300
60,64,sequential sorting network,1693300
60,64,std::sort,837800
70,64,own sorting network,3923444100
70,64,openmp sorting network,2207400
70,64,sequential sorting network,2239300
70,64,std::sort,1110400
80,64,own sorting network,4977636500
80,64,openmp sorting network,2828500
80,64,sequential sorting network,2836500
80,64,std::sort,1411000
90,64,own sorting network,6155581700
90,64,openmp sorting network,3523200
90,64,sequential sorting network,3552300
90,64,std::sort,1757200
100,64,own sorting network,7475592300
100,64,openmp sorting network,4266600
100,64,sequential sorting network,4317000
100,64,std::sort,2139700
10,72,own sorting network,207683600
10,72,openmp sorting network,105000
10,72,sequential sorting network,112400
10,72,std::sort,44600
20,72,own sorting network,627504800
20,72,openmp sorting network,317400
20,72,sequential sorting network,322800
20,72,std::sort,134900
30,72,own sorting network,1244845500
30,72,openmp sorting network,626700
30,72,sequential sorting network,619800
30,72,std::sort,266300
40,72,own sorting network,2085413400
40,72,openmp sorting network,1025200
40,72,sequential sorting network,1018800
40,72,std::sort,439700
50,72,own sorting network,3123300900
50,72,openmp sorting network,1523400
50,72,sequential sorting network,1522800
50,72,std::sort,656900
60,72,own sorting network,4363045000
60,72,openmp sorting network,2137700
60,72,sequential sorting network,2161100
60,72,std::sort,927000
70,72,own sorting network,5812443000
70,72,openmp sorting network,2835400
70,72,sequential sorting network,2851000
70,72,std::sort,1239200
80,72,own sorting network,7482484900
80,72,openmp sorting network,3673500
80,72,sequential sorting network,3660500
80,72,std::sort,1603900
90,72,own sorting network,9326809500
90,72,openmp sorting network,4622900
90,72,sequential sorting network,4596300
90,72,std::sort,2001100
100,72,own sorting network,11379429400
100,72,openmp sorting network,5689100
100,72,sequential sorting network,5642500
100,72,std::sort,2453500
10,80,own sorting network,225293100
10,80,openmp sorting network,121400
10,80,sequential sorting network,132700
10,80,std::sort,52000
20,80,own sorting network,685699400
20,80,openmp sorting network,362300
20,80,sequential sorting network,362900
20,80,std::sort,153500
30,80,own sorting network,1359403700
30,80,openmp sorting network,707300
30,80,sequential sorting network,707500
30,80,std::sort,306300
40,80,own sorting network,2286492800
40,80,openmp sorting network,1178500
40,80,sequential sorting network,1165600
40,80,std::sort,516700
50,80,own sorting network,3442689300
50,80,openmp sorting network,1767100
50,80,sequential sorting network,1721000
50,80,std::sort,763600
60,80,own sorting network,4809665200
60,80,openmp sorting network,2456200
60,80,sequential sorting network,2428200
60,80,std::sort,1066400
70,80,own sorting network,6402975900
70,80,openmp sorting network,3260000
70,80,sequential sorting network,3232500
70,80,std::sort,1420200
80,80,own sorting network,8241824600
80,80,openmp sorting network,4171200
80,80,sequential sorting network,4152300
80,80,std::sort,1821300
90,80,own sorting network,10242488300
90,80,openmp sorting network,5188000
90,80,sequential sorting network,5159900
90,80,std::sort,2269300
100,80,own sorting network,12526490000
100,80,openmp sorting network,6319000
100,80,sequential sorting network,6292800
100,80,std::sort,2813200
10,88,own sorting network,252759600
10,88,openmp sorting network,132400
10,88,sequential sorting network,130200
10,88,std::sort,57600
20,88,own sorting network,769145500
20,88,openmp sorting network,388100
20,88,sequential sorting network,382300
20,88,std::sort,178000
30,88,own sorting network,1527013200
30,88,openmp sorting network,760400
30,88,sequential sorting network,754600
30,88,std::sort,343300
40,88,own sorting network,2529036400
40,88,openmp sorting network,1287400
40,88,sequential sorting network,1263100
40,88,std::sort,571300
50,88,own sorting network,3804231700
50,88,openmp sorting network,1923300
50,88,sequential sorting network,1907200
50,88,std::sort,863200
60,88,own sorting network,5298950600
60,88,openmp sorting network,2756400
60,88,sequential sorting network,2672400
60,88,std::sort,1210500
70,88,own sorting network,7050855000
70,88,openmp sorting network,3665200
70,88,sequential sorting network,3569600
70,88,std::sort,1602800
80,88,own sorting network,9045583900
80,88,openmp sorting network,4686200
80,88,sequential sorting network,4593000
80,88,std::sort,2060800
90,88,own sorting network,11297921900
90,88,openmp sorting network,5832400
90,88,sequential sorting network,5763000
90,88,std::sort,2575200
100,88,own sorting network,13747524700
100,88,openmp sorting network,7120800
100,88,sequential sorting network,7060100
100,88,std::sort,3137200
10,96,own sorting network,246062400
10,96,openmp sorting network,156700
10,96,sequential sorting network,154000
10,96,std::sort,78100
20,96,own sorting network,762498800
20,96,openmp sorting network,445600
20,96,sequential sorting network,442000
20,96,std::sort,209400
30,96,own sorting network,1533229100
30,96,openmp sorting network,876000
30,96,sequential sorting network,901600
30,96,std::sort,405500
40,96,own sorting network,2551157600
40,96,openmp sorting network,1472400
40,96,sequential sorting network,1479200
40,96,std::sort,669700
50,96,own sorting network,3818683700
50,96,openmp sorting network,2242600
50,96,sequential sorting network,2261400
50,96,std::sort,1018900
60,96,own sorting network,5457217600
60,96,openmp sorting network,3090200
60,96,sequential sorting network,3085400
60,96,std::sort,1393500
70,96,own sorting network,7305452000
70,96,openmp sorting network,4065000
70,96,sequential sorting network,4064000
70,96,std::sort,1841200
80,96,own sorting network,9440682000
80,96,openmp sorting network,5196900
80,96,sequential sorting network,5197700
80,96,std::sort,2343900
90,96,own sorting network,11891302400
90,96,openmp sorting network,6488000
90,96,sequential sorting network,6500300
90,96,std::sort,2921500
100,96,own sorting network,14593953600
100,96,openmp sorting network,7870200
100,96,sequential sorting network,7856600
100,96,std::sort,3539800
10,104,own sorting network,285683100
10,104,openmp sorting network,157400
10,104,sequential sorting network,155900
10,104,std::sort,70700
20,104,own sorting network,870358000
20,104,openmp sorting network,478700
20,104,sequential sorting network,464100
20,104,std::sort,209900
30,104,own sorting network,1745094300
30,104,openmp sorting network,930600
30,104,sequential sorting network,926800
30,104,std::sort,413000
40,104,own sorting network,2922838400
40,104,openmp sorting network,1526100
40,104,sequential sorting network,1522000
40,104,std::sort,755400
50,104,own sorting network,4403132300
50,104,openmp sorting network,2283900
50,104,sequential sorting network,2270100
50,104,std::sort,1089400
60,104,own sorting network,6142383500
60,104,openmp sorting network,3208500
60,104,sequential sorting network,3197900
60,104,std::sort,1502200
70,104,own sorting network,8172346900
70,104,openmp sorting network,4279400
70,104,sequential sorting network,4313700
70,104,std::sort,1991900
80,104,own sorting network,10526244400
80,104,openmp sorting network,5522400
80,104,sequential sorting network,5554200
80,104,std::sort,2547600
90,104,own sorting network,13154282200
90,104,openmp sorting network,6863200
90,104,sequential sorting network,6896200
90,104,std::sort,3151500
100,104,own sorting network,16047781600
100,104,openmp sorting network,8449400
100,104,sequential sorting network,8444300
100,104,std::sort,3839100
10,112,own sorting network,318378500
10,112,openmp sorting network,168200
10,112,sequential sorting network,165600
10,112,std::sort,75700
20,112,own sorting network,939573700
20,112,openmp sorting network,515200
20,112,sequential sorting network,500600
20,112,std::sort,228000
30,112,own sorting network,1883637900
30,112,openmp sorting network,1014200
30,112,sequential sorting network,1008400
30,112,std::sort,456000
40,112,own sorting network,3066824600
40,112,openmp sorting network,1734600
40,112,sequential sorting network,1740900
40,112,std::sort,790800
50,112,own sorting network,4655154300
50,112,openmp sorting network,2572700
50,112,sequential sorting network,2589700
50,112,std::sort,1163500
60,112,own sorting network,6498314600
60,112,openmp sorting network,3584800
60,112,sequential sorting network,3595800
60,112,std::sort,1611000
70,112,own sorting network,8689444500
70,112,openmp sorting network,4762900
70,112,sequential sorting network,4733500
70,112,std::sort,2123900
80,112,own sorting network,11192370400
80,112,openmp sorting network,6142100
80,112,sequential sorting network,6030000
80,112,std::sort,2717300
90,112,own sorting network,13875611900
90,112,openmp sorting network,7640900
90,112,sequential sorting network,7585200
90,112,std::sort,3398900
100,112,own sorting network,16733729100
100,112,openmp sorting network,9283100
100,112,sequential sorting network,9226300
100,112,std::sort,4152800
10,120,own sorting network,310826000
10,120,openmp sorting network,194800
10,120,sequential sorting network,186900
10,120,std::sort,83200
20,120,own sorting network,922363600
20,120,openmp sorting network,559300
20,120,sequential sorting network,551200
20,120,std::sort,242600
30,120,own sorting network,1821933000
30,120,openmp sorting network,1086300
30,120,sequential sorting network,1077900
30,120,std::sort,479000
40,120,own sorting network,3003182600
40,120,openmp sorting network,1815500
40,120,sequential sorting network,1806200
40,120,std::sort,806800
50,120,own sorting network,4493793600
50,120,openmp sorting network,2749300
50,120,sequential sorting network,2713900
50,120,std::sort,1220300
60,120,own sorting network,6460309500
60,120,openmp sorting network,3898800
60,120,sequential sorting network,3839700
60,120,std::sort,1706400
70,120,own sorting network,8777488700
70,120,openmp sorting network,5171500
70,120,sequential sorting network,5071800
70,120,std::sort,2278600
80,120,own sorting network,11185902100
80,120,openmp sorting network,6721100
80,120,sequential sorting network,6620200
80,120,std::sort,2960100
90,120,own sorting network,13824896100
90,120,openmp sorting network,8306300
90,120,sequential sorting network,8198700
90,120,std::sort,3676800
100,120,own sorting network,16786107400
100,120,openmp sorting network,10072700
100,120,sequential sorting network,9965600
100,120,std::sort,4476600
10,128,own sorting network,332782400
10,128,openmp sorting network,196900
10,128,sequential sorting network,196500
10,128,std::sort,88000
20,128,own sorting network,1043325700
20,128,openmp sorting network,579400
20,128,sequential sorting network,588100
20,128,std::sort,259600
30,128,own sorting network,2095519300
30,128,openmp sorting network,1184000
30,128,sequential sorting network,1168900
30,128,std::sort,519400
40,128,own sorting network,3475539600
40,128,openmp sorting network,2102000
40,128,sequential sorting network,1953800
40,128,std::sort,889200
50,128,own sorting network,5269584100
50,128,openmp sorting network,3088800
50,128,sequential sorting network,2940200
50,128,std::sort,1330500
60,128,own sorting network,7332160500
60,128,openmp sorting network,4233400
60,128,sequential sorting network,4092600
60,128,std::sort,1850800
70,128,own sorting network,9795663800
70,128,openmp sorting network,5612300
70,128,sequential sorting network,5484400
70,128,std::sort,2472200
80,128,own sorting network,12647853300
80,128,openmp sorting network,7190500
80,128,sequential sorting network,7047600
80,128,std::sort,3164900
90,128,own sorting network,15793610200
90,128,openmp sorting network,9024900
90,128,sequential sorting network,8803000
90,128,std::sort,3963800
100,128,own sorting network,19342572100
100,128,openmp sorting network,11002400
100,128,sequential sorting network,10819300
100,128,std::sort,4852200
10,136,own sorting network,477467200
10,136,openmp sorting network,255000
10,136,sequential sorting network,239000
10,136,std::sort,94600
20,136,own sorting network,1420292500
20,136,openmp sorting network,775400
20,136,sequential sorting network,736300
20,136,std::sort,300600
30,136,own sorting network,2823453900
30,136,openmp sorting network,1480800
30,136,sequential sorting network,1440000
30,136,std::sort,578200
40,136,own sorting network,4588655800
40,136,openmp sorting network,2459500
40,136,sequential sorting network,2398300
40,136,std::sort,958500
50,136,own sorting network,6739956500
50,136,openmp sorting network,3683000
50,136,sequential sorting network,3614500
50,136,std::sort,1432400
60,136,own sorting network,9316955500
60,136,openmp sorting network,5127400
60,136,sequential sorting network,5032000
60,136,std::sort,1992800
70,136,own sorting network,12349038400
70,136,openmp sorting network,6764600
70,136,sequential sorting network,6734300
70,136,std::sort,2634800
80,136,own sorting network,16193514400
80,136,openmp sorting network,8695400
80,136,sequential sorting network,8668600
80,136,std::sort,3403400
90,136,own sorting network,20494676100
90,136,openmp sorting network,10975800
90,136,sequential sorting network,10966000
90,136,std::sort,4297100
100,136,own sorting network,25335906900
100,136,openmp sorting network,13369700
100,136,sequential sorting network,13378200
100,136,std::sort,5245600
10,144,own sorting network,518029400
10,144,openmp sorting network,254600
10,144,sequential sorting network,252200
10,144,std::sort,101700
20,144,own sorting network,1505854100
20,144,openmp sorting network,756900
20,144,sequential sorting network,762600
20,144,std::sort,300600
30,144,own sorting network,3037015900
30,144,openmp sorting network,1546800
30,144,sequential sorting network,1527900
30,144,std::sort,601400
40,144,own sorting network,5051585000
40,144,openmp sorting network,2574700
40,144,sequential sorting network,2546300
40,144,std::sort,1018600
50,144,own sorting network,7533121200
50,144,openmp sorting network,3846400
50,144,sequential sorting network,3797600
50,144,std::sort,1514900
60,144,own sorting network,10429368900
60,144,openmp sorting network,5434100
60,144,sequential sorting network,5357200
60,144,std::sort,2138800
70,144,own sorting network,13845906500
70,144,openmp sorting network,7334200
70,144,sequential sorting network,7252400
70,144,std::sort,2894900
80,144,own sorting network,17749101900
80,144,openmp sorting network,9384500
80,144,sequential sorting network,9244500
80,144,std::sort,3689100
90,144,own sorting network,22094360500
90,144,openmp sorting network,11706000
90,144,sequential sorting network,11480200
90,144,std::sort,4570200
100,144,own sorting network,27159799200
100,144,openmp sorting network,14276400
100,144,sequential sorting network,14047900
100,144,std::sort,5587500
10,152,own sorting network,511989300
10,152,openmp sorting network,277100
10,152,sequential sorting network,282400
10,152,std::sort,107900
20,152,own sorting network,1563993800
20,152,openmp sorting network,820200
20,152,sequential sorting network,822300
20,152,std::sort,320700
30,152,own sorting network,3159827800
30,152,openmp sorting network,1631500
30,152,sequential sorting network,1639600
30,152,std::sort,636700
40,152,own sorting network,5278503700
40,152,openmp sorting network,2721900
40,152,sequential sorting network,2728100
40,152,std::sort,1065400
50,152,own sorting network,7883610000
50,152,openmp sorting network,4090500
50,152,sequential sorting network,4093600
50,152,std::sort,1608900
60,152,own sorting network,10830957300
60,152,openmp sorting network,5733200
60,152,sequential sorting network,5770300
60,152,std::sort,2249900
70,152,own sorting network,13932387900
70,152,openmp sorting network,7747200
70,152,sequential sorting network,7734400
70,152,std::sort,3101400
80,152,own sorting network,17768416500
80,152,openmp sorting network,9957300
80,152,sequential sorting network,9943600
80,152,std::sort,4005100
90,152,own sorting network,22402251400
90,152,openmp sorting network,12399500
90,152,sequential sorting network,12450500
90,152,std::sort,4972600
100,152,own sorting network,27584364400
100,152,openmp sorting network,15070900
100,152,sequential sorting network,15113000
100,152,std::sort,6046000
10,160,own sorting network,562367400
10,160,openmp sorting network,293900
10,160,sequential sorting network,280700
10,160,std::sort,113300
20,160,own sorting network,1665285800
20,160,openmp sorting network,849300
20,160,sequential sorting network,830600
20,160,std::sort,335500
30,160,own sorting network,3286964200
30,160,openmp sorting network,1681200
30,160,sequential sorting network,1660700
30,160,std::sort,675300
40,160,own sorting network,5440825600
40,160,openmp sorting network,2846400
40,160,sequential sorting network,2804900
40,160,std::sort,1132300
50,160,own sorting network,8222913100
50,160,openmp sorting network,4239200
50,160,sequential sorting network,4219000
50,160,std::sort,1698100
60,160,own sorting network,11486718500
60,160,openmp sorting network,5988600
60,160,sequential sorting network,5949200
60,160,std::sort,2414600
70,160,own sorting network,15216065800
70,160,openmp sorting network,8041600
70,160,sequential sorting network,8003700
70,160,std::sort,3296400
80,160,own sorting network,19417556600
80,160,openmp sorting network,10409600
80,160,sequential sorting network,10358200
80,160,std::sort,4238500
90,160,own sorting network,23950760700
90,160,openmp sorting network,12991200
90,160,sequential sorting network,12936100
90,160,std::sort,5302700
100,160,own sorting network,29361256300
100,160,openmp sorting network,15839200
100,160,sequential sorting network,15801800
100,160,std::sort,6443000
10,168,own sorting network,573758600
10,168,openmp sorting network,306100
10,168,sequential sorting network,313300
10,168,std::sort,122200
20,168,own sorting network,1723286000
20,168,openmp sorting network,903000
20,168,sequential sorting network,900300
20,168,std::sort,367800
30,168,own sorting network,3427681900
30,168,openmp sorting network,1891700
30,168,sequential sorting network,1809100
30,168,std::sort,731000
40,168,own sorting network,5673595700
40,168,openmp sorting network,3108100
40,168,sequential sorting network,3112300
40,168,std::sort,1221100
50,168,own sorting network,8498382200
50,168,openmp sorting network,4613100
50,168,sequential sorting network,4610700
50,168,std::sort,1819500
60,168,own sorting network,11934920600
60,168,openmp sorting network,6389600
60,168,sequential sorting network,6392800
60,168,std::sort,2522400
70,168,own sorting network,15876837200
70,168,openmp sorting network,8538400
70,168,sequential sorting network,8519400
70,168,std::sort,3400700
80,168,own sorting network,20403817900
80,168,openmp sorting network,10915400
80,168,sequential sorting network,10912200
80,168,std::sort,4349400
90,168,own sorting network,25468701800
90,168,openmp sorting network,13672800
90,168,sequential sorting network,13677700
90,168,std::sort,5466700
100,168,own sorting network,31131014800
100,168,openmp sorting network,16641100
100,168,sequential sorting network,16751300
100,168,std::sort,6647500
10,176,own sorting network,587351300
10,176,openmp sorting network,325600
10,176,sequential sorting network,333200
10,176,std::sort,129400
20,176,own sorting network,1764479300
20,176,openmp sorting network,961900
20,176,sequential sorting network,997300
20,176,std::sort,386500
30,176,own sorting network,3583431600
30,176,openmp sorting network,1916400
30,176,sequential sorting network,1952000
30,176,std::sort,768700
40,176,own sorting network,5951293600
40,176,openmp sorting network,3157200
40,176,sequential sorting network,3194400
40,176,std::sort,1315200
50,176,own sorting network,8896895300
50,176,openmp sorting network,4750600
50,176,sequential sorting network,4774600
50,176,std::sort,1959500
60,176,own sorting network,12360875600
60,176,openmp sorting network,6751700
60,176,sequential sorting network,6763500
60,176,std::sort,2752900
70,176,own sorting network,15751011000
70,176,openmp sorting network,9052200
70,176,sequential sorting network,9001200
70,176,std::sort,3677500
80,176,own sorting network,20244598900
80,176,openmp sorting network,11605100
80,176,sequential sorting network,11551500
80,176,std::sort,4805500
90,176,own sorting network,25506297200
90,176,openmp sorting network,14486600
90,176,sequential sorting network,14421600
90,176,std::sort,5944500
100,176,own sorting network,31363503300
100,176,openmp sorting network,17623400
100,176,sequential sorting network,17788800
100,176,std::sort,7195000
10,184,own sorting network,535111900
10,184,openmp sorting network,358300
10,184,sequential sorting network,364300
10,184,std::sort,142000
20,184,own sorting network,1799979300
20,184,openmp sorting network,1024400
20,184,sequential sorting network,1015500
20,184,std::sort,404700
30,184,own sorting network,3635168800
30,184,openmp sorting network,2033300
30,184,sequential sorting network,2001700
30,184,std::sort,796300
40,184,own sorting network,6142415500
40,184,openmp sorting network,3399800
40,184,sequential sorting network,3350200
40,184,std::sort,1340400
50,184,own sorting network,9278055200
50,184,openmp sorting network,5045600
50,184,sequential sorting network,4991500
50,184,std::sort,2022400
60,184,own sorting network,13043757200
60,184,openmp sorting network,7008400
60,184,sequential sorting network,6933100
60,184,std::sort,2875600
70,184,own sorting network,17370643800
70,184,openmp sorting network,9382400
70,184,sequential sorting network,9270900
70,184,std::sort,3815500
80,184,own sorting network,22211458000
80,184,openmp sorting network,12142100
80,184,sequential sorting network,11941100
80,184,std::sort,4895000
90,184,own sorting network,27788873300
90,184,openmp sorting network,15234800
90,184,sequential sorting network,14979600
90,184,std::sort,6134200
100,184,own sorting network,34024158100
100,184,openmp sorting network,18579900
100,184,sequential sorting network,18344500
100,184,std::sort,7443000
10,192,own sorting network,594156400
10,192,openmp sorting network,342300
10,192,sequential sorting network,339500
10,192,std::sort,138900
20,192,own sorting network,1886616100
20,192,openmp sorting network,1045900
20,192,sequential sorting network,1037700
20,192,std::sort,428700
30,192,own sorting network,3762908000
30,192,openmp sorting network,2103800
30,192,sequential sorting network,2092600
30,192,std::sort,864000
40,192,own sorting network,6362709800
40,192,openmp sorting network,3505900
40,192,sequential sorting network,3510100
40,192,std::sort,1466600
50,192,own sorting network,9478435100
50,192,openmp sorting network,5266300
50,192,sequential sorting network,5384300
50,192,std::sort,2176700
60,192,own sorting network,13230362600
60,192,openmp sorting network,7422100
60,192,sequential sorting network,7556300
60,192,std::sort,3057600
70,192,own sorting network,17669997900
70,192,openmp sorting network,9869900
70,192,sequential sorting network,9997500
70,192,std::sort,4050900
80,192,own sorting network,22745476500
80,192,openmp sorting network,12656900
80,192,sequential sorting network,12817200
80,192,std::sort,5182800
90,192,own sorting network,28552293700
90,192,openmp sorting network,15815100
90,192,sequential sorting network,15867200
90,192,std::sort,6417200
100,192,own sorting network,34855377700
100,192,openmp sorting network,19369300
100,192,sequential sorting network,19301300
100,192,std::sort,7804200
10,200,own sorting network,645933000
10,200,openmp sorting network,363600
10,200,sequential sorting network,375900
10,200,std::sort,146200
20,200,own sorting network,1959599300
20,200,openmp sorting network,1100500
20,200,sequential sorting network,1109100
20,200,std::sort,436200
30,200,own sorting network,3832278200
30,200,openmp sorting network,2266100
30,200,sequential sorting network,2252400
30,200,std::sort,897600
40,200,own sorting network,6093065900
40,200,openmp sorting network,3785000
40,200,sequential sorting network,3770000
40,200,std::sort,1508400
50,200,own sorting network,9322376700
50,200,openmp sorting network,5633200
50,200,sequential sorting network,5575500
50,200,std::sort,2233400
60,200,own sorting network,13047262000
60,200,openmp sorting network,7859000
60,200,sequential sorting network,7784600
60,200,std::sort,3141400
70,200,own sorting network,16994007800
70,200,openmp sorting network,10420300
70,200,sequential sorting network,10311800
70,200,std::sort,4158600
80,200,own sorting network,21477861600
80,200,openmp sorting network,13319300
80,200,sequential sorting network,13193700
80,200,std::sort,5315000
90,200,own sorting network,26995213600
90,200,openmp sorting network,16652100
90,200,sequential sorting network,16540400
90,200,std::sort,6644100
100,200,own sorting network,33484078600
100,200,openmp sorting network,20441000
100,200,sequential sorting network,20682700
100,200,std::sort,8165400
10,208,own sorting network,637117200
10,208,openmp sorting network,395600
10,208,sequential sorting network,395600
10,208,std::sort,160400
20,208,own sorting network,1940598100
20,208,openmp sorting network,1155500
20,208,sequential sorting network,1166800
20,208,std::sort,460800
30,208,own sorting network,3831831400
30,208,openmp sorting network,2230900
30,208,sequential sorting network,2262300
30,208,std::sort,900300
40,208,own sorting network,6446514100
40,208,openmp sorting network,3721100
40,208,sequential sorting network,3762300
40,208,std::sort,1510100
50,208,own sorting network,9650980900
50,208,openmp sorting network,5582500
50,208,sequential sorting network,5641900
50,208,std::sort,2269700
60,208,own sorting network,12984789700
60,208,openmp sorting network,7826100
60,208,sequential sorting network,8217600
60,208,std::sort,3177600
70,208,own sorting network,17503600100
70,208,openmp sorting network,10536200
70,208,sequential sorting network,10919000
70,208,std::sort,4272600
80,208,own sorting network,22869912900
80,208,openmp sorting network,13610500
80,208,sequential sorting network,14155100
80,208,std::sort,5503100
90,208,own sorting network,28794893800
90,208,openmp sorting network,16962700
90,208,sequential sorting network,17565300
90,208,std::sort,6867600
100,208,own sorting network,35130065200
100,208,openmp sorting network,20811600
100,208,sequential sorting network,21405400
100,208,std::sort,8418900
10,216,own sorting network,595930600
10,216,openmp sorting network,402600
10,216,sequential sorting network,423600
10,216,std::sort,158300
20,216,own sorting network,1702362300
20,216,openmp sorting network,1277500
20,216,sequential sorting network,1295900
20,216,std::sort,515800
30,216,own sorting network,3433573800
30,216,openmp sorting network,2469800
30,216,sequential sorting network,2496300
30,216,std::sort,1007100
40,216,own sorting network,5757309300
40,216,openmp sorting network,4064500
40,216,sequential sorting network,4085400
40,216,std::sort,1657600
50,216,own sorting network,8620788600
50,216,openmp sorting network,6055300
50,216,sequential sorting network,6072200
50,216,std::sort,2479500
60,216,own sorting network,11999846600
60,216,openmp sorting network,8383800
60,216,sequential sorting network,8405300
60,216,std::sort,3452100
70,216,own sorting network,15900324800
70,216,openmp sorting network,11174000
70,216,sequential sorting network,11190300
70,216,std::sort,4563000
80,216,own sorting network,20202451500
80,216,openmp sorting network,14433700
80,216,sequential sorting network,14485600
80,216,std::sort,5853600
90,216,own sorting network,25375553100
90,216,openmp sorting network,18028500
90,216,sequential sorting network,18065900
90,216,std::sort,7306800
100,216,own sorting network,30854745900
100,216,openmp sorting network,22058200
100,216,sequential sorting network,22060500
100,216,std::sort,8915400
10,224,own sorting network,701771900
10,224,openmp sorting network,418100
10,224,sequential sorting network,424700
10,224,std::sort,167900
20,224,own sorting network,2145114200
20,224,openmp sorting network,1236000
20,224,sequential sorting network,1232800
20,224,std::sort,527100
30,224,own sorting network,4287097000
30,224,openmp sorting network,2467600
30,224,sequential sorting network,2466800
30,224,std::sort,1029800
40,224,own sorting network,7115387100
40,224,openmp sorting network,4133800
40,224,sequential sorting network,4130200
40,224,std::sort,1707200
50,224,own sorting network,10547057400
50,224,openmp sorting network,6173300
50,224,sequential sorting network,6169600
50,224,std::sort,2535500
60,224,own sorting network,14661838200
60,224,openmp sorting network,8664500
60,224,sequential sorting network,8590200
60,224,std::sort,3527900
70,224,own sorting network,19213142400
70,224,openmp sorting network,11583100
70,224,sequential sorting network,11474500
70,224,std::sort,4705500
80,224,own sorting network,23922665200
80,224,openmp sorting network,14929900
80,224,sequential sorting network,14793500
80,224,std::sort,6028000
90,224,own sorting network,30252253900
90,224,openmp sorting network,18720900
90,224,sequential sorting network,18466200
90,224,std::sort,7530900
100,224,own sorting network,37423177600
100,224,openmp sorting network,22785300
100,224,sequential sorting network,22548200
100,224,std::sort,9183200
10,232,own sorting network,735858700
10,232,openmp sorting network,475300
10,232,sequential sorting network,434100
10,232,std::sort,184600
20,232,own sorting network,2227045400
20,232,openmp sorting network,1317900
20,232,sequential sorting network,1293000
20,232,std::sort,532200
30,232,own sorting network,4493135000
30,232,openmp sorting network,2629700
30,232,sequential sorting network,2600300
30,232,std::sort,1055800
40,232,own sorting network,7431603800
40,232,openmp sorting network,4372100
40,232,sequential sorting network,4363500
40,232,std::sort,1763400
50,232,own sorting network,10926676600
50,232,openmp sorting network,6531800
50,232,sequential sorting network,6548300
50,232,std::sort,2641700
60,232,own sorting network,15294556700
60,232,openmp sorting network,9147600
60,232,sequential sorting network,9231200
60,232,std::sort,3699300
70,232,own sorting network,19918198100
70,232,openmp sorting network,12481600
70,232,sequential sorting network,12494000
70,232,std::sort,4929200
80,232,own sorting network,25645912500
80,232,openmp sorting network,16083100
80,232,sequential sorting network,15960600
80,232,std::sort,6343500
90,232,own sorting network,32188152000
90,232,openmp sorting network,19979600
90,232,sequential sorting network,19891500
90,232,std::sort,7933300
100,232,own sorting network,38997644800
100,232,openmp sorting network,24481500
100,232,sequential sorting network,24251800
100,232,std::sort,9702000
10,240,own sorting network,660991700
10,240,openmp sorting network,461000
10,240,sequential sorting network,458600
10,240,std::sort,183500
20,240,own sorting network,1928822000
20,240,openmp sorting network,1364400
20,240,sequential sorting network,1355200
20,240,std::sort,540900
30,240,own sorting network,3816547000
30,240,openmp sorting network,2706500
30,240,sequential sorting network,2719300
30,240,std::sort,1093400
40,240,own sorting network,6339033200
40,240,openmp sorting network,4454600
40,240,sequential sorting network,4715800
40,240,std::sort,1808600
50,240,own sorting network,9483413100
50,240,openmp sorting network,6688600
50,240,sequential sorting network,6951300
50,240,std::sort,2722200
60,240,own sorting network,13197404500
60,240,openmp sorting network,9319800
60,240,sequential sorting network,9634800
60,240,std::sort,3795700
70,240,own sorting network,17453634000
70,240,openmp sorting network,12526800
70,240,sequential sorting network,12807800
70,240,std::sort,5079600
80,240,own sorting network,22313930000
80,240,openmp sorting network,16054500
80,240,sequential sorting network,16306900
80,240,std::sort,6511400
90,240,own sorting network,27618390100
90,240,openmp sorting network,20198800
90,240,sequential sorting network,20498400
90,240,std::sort,8158400
100,240,own sorting network,33799895800
100,240,openmp sorting network,24695400
100,240,sequential sorting network,25306800
100,240,std::sort,10008600
10,248,own sorting network,633503600
10,248,openmp sorting network,470600
10,248,sequential sorting network,515800
10,248,std::sort,189900
20,248,own sorting network,1897204000
20,248,openmp sorting network,1393900
20,248,sequential sorting network,1430800
20,248,std::sort,557400
30,248,own sorting network,3741919500
30,248,openmp sorting network,2836800
30,248,sequential sorting network,2876700
30,248,std::sort,1146800
40,248,own sorting network,6139370300
40,248,openmp sorting network,4706100
40,248,sequential sorting network,4746600
40,248,std::sort,1902300
50,248,own sorting network,9068991200
50,248,openmp sorting network,7141800
50,248,sequential sorting network,7144600
50,248,std::sort,2879800
60,248,own sorting network,12710281300
60,248,openmp sorting network,9923400
60,248,sequential sorting network,9949400
60,248,std::sort,4016300
70,248,own sorting network,17021940500
70,248,openmp sorting network,13180200
70,248,sequential sorting network,13271000
70,248,std::sort,5335700
80,248,own sorting network,23230438700
80,248,openmp sorting network,17037800
80,248,sequential sorting network,17027700
80,248,std::sort,6846200
90,248,own sorting network,30316339200
90,248,openmp sorting network,21246700
90,248,sequential sorting network,21250000
90,248,std::sort,8545200
100,248,own sorting network,38171551000
100,248,openmp sorting network,26178200
100,248,sequential sorting network,26274900
100,248,std::sort,10550100
10,256,own sorting network,754061000
10,256,openmp sorting network,502200
10,256,sequential sorting network,499500
10,256,std::sort,199800
20,256,own sorting network,2244588200
20,256,openmp sorting network,1667800
20,256,sequential sorting network,1539000
20,256,std::sort,610800
30,256,own sorting network,4411123400
30,256,openmp sorting network,3132600
30,256,sequential sorting network,2990400
30,256,std::sort,1195000
40,256,own sorting network,7290090100
40,256,openmp sorting network,5019500
40,256,sequential sorting network,4892400
40,256,std::sort,1960900
50,256,own sorting network,11075400300
50,256,openmp sorting network,7438000
50,256,sequential sorting network,7331900
50,256,std::sort,2969800
60,256,own sorting network,15731909000
60,256,openmp sorting network,10361000
60,256,sequential sorting network,10200800
60,256,std::sort,4119400
70,256,own sorting network,20123629700
70,256,openmp sorting network,13840900
70,256,sequential sorting network,13668900
70,256,std::sort,5538500
80,256,own sorting network,24928382100
80,256,openmp sorting network,17724300
80,256,sequential sorting network,17598300
80,256,std::sort,7139600
90,256,own sorting network,30349920800
90,256,openmp sorting network,22327300
90,256,sequential sorting network,22240900
90,256,std::sort,9021900
100,256,own sorting network,37286455600
100,256,openmp sorting network,27296800
100,256,sequential sorting network,27256100
100,256,std::sort,11040000
10,8,own sorting network,5311300
10,8,openmp sorting network,4000
10,8,sequential sorting network,4200
10,8,std::sort,3100
20,8,own sorting network,16095400
20,8,openmp sorting network,12100
20,8,sequential sorting network,11600
20,8,std::sort,9000
30,8,own sorting network,31836000
30,8,openmp sorting network,22900
30,8,sequential sorting network,22200
30,8,std::sort,16100
40,8,own sorting network,52838900
40,8,openmp sorting network,36800
40,8,sequential sorting network,36300
40,8,std::sort,26700
50,8,own sorting network,79563800
50,8,openmp sorting network,54100
50,8,sequential sorting network,54600
50,8,std::sort,39000
60,8,own sorting network,111125400
60,8,openmp sorting network,75000
60,8,sequential sorting network,75000
60,8,std::sort,54000
70,8,own sorting network,148457700
70,8,openmp sorting network,98300
70,8,sequential sorting network,107100
70,8,std::sort,71500
80,8,own sorting network,190765500
80,8,openmp sorting network,125600
80,8,sequential sorting network,136400
80,8,std::sort,91400
90,8,own sorting network,238140900
90,8,openmp sorting network,157600
90,8,sequential sorting network,167300
90,8,std::sort,114100
100,8,own sorting network,289434900
100,8,openmp sorting network,190500
100,8,sequential sorting network,200400
100,8,std::sort,137700
10,16,own sorting network,17907000
10,16,openmp sorting network,12700
10,16,sequential sorting network,11600
10,16,std::sort,6800
20,16,own sorting network,52931000
20,16,openmp sorting network,35100
20,16,sequential sorting network,34100
20,16,std::sort,19400
30,16,own sorting network,106897800
30,16,openmp sorting network,68300
30,16,sequential sorting network,67400
30,16,std::sort,38700
40,16,own sorting network,178447100
40,16,openmp sorting network,111200
40,16,sequential sorting network,110300
40,16,std::sort,63400
50,16,own sorting network,266586000
50,16,openmp sorting network,162900
50,16,sequential sorting network,162500
50,16,std::sort,93500
60,16,own sorting network,373687200
60,16,openmp sorting network,234300
60,16,sequential sorting network,224900
60,16,std::sort,128600
70,16,own sorting network,497000500
70,16,openmp sorting network,307400
70,16,sequential sorting network,299300
70,16,std::sort,169100
80,16,own sorting network,635494400
80,16,openmp sorting network,388000
80,16,sequential sorting network,379700
80,16,std::sort,215400
90,16,own sorting network,793472100
90,16,openmp sorting network,478800
90,16,sequential sorting network,472200
90,16,std::sort,268100
100,16,own sorting network,968505400
100,16,openmp sorting network,589400
100,16,sequential sorting network,572100
100,16,std::sort,323600
10,24,own sorting network,41693300
10,24,openmp sorting network,22100
10,24,sequential sorting network,22400
10,24,std::sort,12900
20,24,own sorting network,120289300
20,24,openmp sorting network,69600
20,24,sequential sorting network,64700
20,24,std::sort,37800
30,24,own sorting network,238992900
30,24,openmp sorting network,131900
30,24,sequential sorting network,126100
30,24,std::sort,73500
40,24,own sorting network,396333400
40,24,openmp sorting network,214600
40,24,sequential sorting network,207100
40,24,std::sort,121900
50,24,own sorting network,593533900
50,24,openmp sorting network,314300
50,24,sequential sorting network,308800
50,24,std::sort,180300
60,24,own sorting network,826946700
60,24,openmp sorting network,439800
60,24,sequential sorting network,425600
60,24,std::sort,248300
70,24,own sorting network,1100841600
70,24,openmp sorting network,576800
70,24,sequential sorting network,570900
70,24,std::sort,327700
80,24,own sorting network,1413434400
80,24,openmp sorting network,735300
80,24,sequential sorting network,729500
80,24,std::sort,419000
90,24,own sorting network,1796364300
90,24,openmp sorting network,919300
90,24,sequential sorting network,913800
90,24,std::sort,524900
100,24,own sorting network,2189880300
100,24,openmp sorting network,1127800
100,24,sequential sorting network,1112500
100,24,std::sort,640100
10,32,own sorting network,51913500
10,32,openmp sorting network,31100
10,32,sequential sorting network,31500
10,32,std::sort,17600
20,32,own sorting network,154126900
20,32,openmp sorting network,87700
20,32,sequential sorting network,88500
20,32,std::sort,50900
30,32,own sorting network,311394400
30,32,openmp sorting network,180500
30,32,sequential sorting network,181100
30,32,std::sort,103800
40,32,own sorting network,527469400
40,32,openmp sorting network,299500
40,32,sequential sorting network,301500
40,32,std::sort,173700
50,32,own sorting network,790772000
50,32,openmp sorting network,440200
50,32,sequential sorting network,473600
50,32,std::sort,256500
60,32,own sorting network,1101290600
60,32,openmp sorting network,603100
60,32,sequential sorting network,648400
60,32,std::sort,354700
70,32,own sorting network,1463356600
70,32,openmp sorting network,801200
70,32,sequential sorting network,856700
70,32,std::sort,469800
80,32,own sorting network,1874910500
80,32,openmp sorting network,1029100
80,32,sequential sorting network,1136000
80,32,std::sort,601800
90,32,own sorting network,2333024100
90,32,openmp sorting network,1272600
90,32,sequential sorting network,1380700
90,32,std::sort,747400
100,32,own sorting network,2845052900
100,32,openmp sorting network,1547500
100,32,sequential sorting network,1666600
100,32,std::sort,907800
10,40,own sorting network,87219300
10,40,openmp sorting network,47000
10,40,sequential sorting network,45700
10,40,std::sort,22500
20,40,own sorting network,263892400
20,40,openmp sorting network,144900
20,40,sequential sorting network,135600
20,40,std::sort,67800
30,40,own sorting network,522539900
30,40,openmp sorting network,277500
30,40,sequential sorting network,267000
30,40,std::sort,134200
40,40,own sorting network,876382200
40,40,openmp sorting network,447800
40,40,sequential sorting network,436800
40,40,std::sort,220500
50,40,own sorting network,1307010500
50,40,openmp sorting network,661100
50,40,sequential sorting network,651000
50,40,std::sort,326900
60,40,own sorting network,1838312600
60,40,openmp sorting network,916100
60,40,sequential sorting network,906000
60,40,std::sort,461800
70,40,own sorting network,2444905900
70,40,openmp sorting network,1215200
70,40,sequential sorting network,1237400
70,40,std::sort,610400
80,40,own sorting network,3150603800
80,40,openmp sorting network,1559900
80,40,sequential sorting network,1598200
80,40,std::sort,780100
90,40,own sorting network,3937913500
90,40,openmp sorting network,1949800
90,40,sequential sorting network,1995500
90,40,std::sort,990900
100,40,own sorting network,4819635400
100,40,openmp sorting network,2390000
100,40,sequential sorting network,2427600
100,40,std::sort,1209400
10,48,own sorting network,109462600
10,48,openmp sorting network,59000
10,48,sequential sorting network,58200
10,48,std::sort,29000
20,48,own sorting network,320872100
20,48,openmp sorting network,176600
20,48,sequential sorting network,165900
20,48,std::sort,83900
30,48,own sorting network,641828900
30,48,openmp sorting network,347100
30,48,sequential sorting network,341900
30,48,std::sort,169800
40,48,own sorting network,1068796000
40,48,openmp sorting network,564900
40,48,sequential sorting network,559700
40,48,std::sort,280700
50,48,own sorting network,1594468000
50,48,openmp sorting network,835900
50,48,sequential sorting network,838800
50,48,std::sort,418100
60,48,own sorting network,2238947700
60,48,openmp sorting network,1155000
60,48,sequential sorting network,1166000
60,48,std::sort,578300
70,48,own sorting network,2984785600
70,48,openmp sorting network,1522800
70,48,sequential sorting network,1542900
70,48,std::sort,764900
80,48,own sorting network,3833614600
80,48,openmp sorting network,1951900
80,48,sequential sorting network,1982700
80,48,std::sort,983400
90,48,own sorting network,4788874800
90,48,openmp sorting network,2445100
90,48,sequential sorting network,2464000
90,48,std::sort,1227400
100,48,own sorting network,5857643800
100,48,openmp sorting network,2970600
100,48,sequential sorting network,2986500
100,48,std::sort,1501400
10,56,own sorting network,120948900
10,56,openmp sorting network,68100
10,56,sequential sorting network,66900
10,56,std::sort,33400
20,56,own sorting network,366816500
20,56,openmp sorting network,198300
20,56,sequential sorting network,196000
20,56,std::sort,108200
30,56,own sorting network,741561000
30,56,openmp sorting network,397700
30,56,sequential sorting network,416800
30,56,std::sort,207100
40,56,own sorting network,1236355400
40,56,openmp sorting network,657600
40,56,sequential sorting network,679400
40,56,std::sort,335800
50,56,own sorting network,1848591400
50,56,openmp sorting network,983000
50,56,sequential sorting network,1015000
50,56,std::sort,499700
60,56,own sorting network,2594264200
60,56,openmp sorting network,1361300
60,56,sequential sorting network,1401000
60,56,std::sort,691500
70,56,own sorting network,3455707600
70,56,openmp sorting network,1816900
70,56,sequential sorting network,1896700
70,56,std::sort,922900
80,56,own sorting network,4442376400
80,56,openmp sorting network,2331200
80,56,sequential sorting network,2429600
80,56,std::sort,1185200
90,56,own sorting network,5564835700
90,56,openmp sorting network,2912900
90,56,sequential sorting network,2994500
90,56,std::sort,1482200
100,56,own sorting network,6799497200
100,56,openmp sorting network,3564900
100,56,sequential sorting network,3659700
100,56,std::sort,1819500
10,64,own sorting network,140500200
10,64,openmp sorting network,80100
10,64,sequential sorting network,77700
10,64,std::sort,39200
20,64,own sorting network,418433100
20,64,openmp sorting network,237500
20,64,sequential sorting network,232800
20,64,std::sort,118100
30,64,own sorting network,841074800
30,64,openmp sorting network,465600
30,64,sequential sorting network,460300
30,64,std::sort,232700
40,64,own sorting network,1396602900
40,64,openmp sorting network,787200
40,64,sequential sorting network,768300
40,64,std::sort,387700
50,64,own sorting network,2109721200
50,64,openmp sorting network,1190200
50,64,sequential sorting network,1179800
50,64,std::sort,592500
60,64,own sorting network,2962156700
60,64,openmp sorting network,1776400
60,64,sequential sorting network,1660600
60,64,std::sort,829700
70,64,own sorting network,3958230400
70,64,openmp sorting network,2312100
70,64,sequential sorting network,2206400
70,64,std::sort,1123600
80,64,own sorting network,5070147400
80,64,openmp sorting network,2927900
80,64,sequential sorting network,2818100
80,64,std::sort,1462800
90,64,own sorting network,6275228700
90,64,openmp sorting network,3603900
90,64,sequential sorting network,3485000
90,64,std::sort,1808300
100,64,own sorting network,7601362800
100,64,openmp sorting network,4358000
100,64,sequential sorting network,4258400
100,64,std::sort,2190800
10,72,own sorting network,197318800
10,72,openmp sorting network,104100
10,72,sequential sorting network,109900
10,72,std::sort,45200
20,72,own sorting network,593968400
20,72,openmp sorting network,312300
20,72,sequential sorting network,315800
20,72,std::sort,136800
30,72,own sorting network,1176693100
30,72,openmp sorting network,630800
30,72,sequential sorting network,624700
30,72,std::sort,272700
40,72,own sorting network,1966807700
40,72,openmp sorting network,1028600
40,72,sequential sorting network,1031400
40,72,std::sort,447100
50,72,own sorting network,2939701400
50,72,openmp sorting network,1537000
50,72,sequential sorting network,1538200
50,72,std::sort,668900
60,72,own sorting network,4108194400
60,72,openmp sorting network,2131700
60,72,sequential sorting network,2138400
60,72,std::sort,928200
70,72,own sorting network,5480834000
70,72,openmp sorting network,2825800
70,72,sequential sorting network,2825300
70,72,std::sort,1231100
80,72,own sorting network,7020819800
80,72,openmp sorting network,3684200
80,72,sequential sorting network,3693700
80,72,std::sort,1613000
90,72,own sorting network,8748577100
90,72,openmp sorting network,4573500
90,72,sequential sorting network,4588600
90,72,std::sort,2003600
100,72,own sorting network,10664018900
100,72,openmp sorting network,5611500
100,72,sequential sorting network,5630600
100,72,std::sort,2467100
10,80,own sorting network,213093100
10,80,openmp sorting network,120200
10,80,sequential sorting network,117500
10,80,std::sort,51900
20,80,own sorting network,642257100
20,80,openmp sorting network,353400
20,80,sequential sorting network,349900
20,80,std::sort,154100
30,80,own sorting network,1273598600
30,80,openmp sorting network,690400
30,80,sequential sorting network,688100
30,80,std::sort,308800
40,80,own sorting network,2118408600
40,80,openmp sorting network,1145300
40,80,sequential sorting network,1152700
40,80,std::sort,511300
50,80,own sorting network,3156822300
50,80,openmp sorting network,1708200
50,80,sequential sorting network,1708300
50,80,std::sort,758900
60,80,own sorting network,4403118300
60,80,openmp sorting network,2416800
60,80,sequential sorting network,2411000
60,80,std::sort,1063800
70,80,own sorting network,5877282500
70,80,openmp sorting network,3217600
70,80,sequential sorting network,3208400
70,80,std::sort,1418200
80,80,own sorting network,7561269700
80,80,openmp sorting network,4131200
80,80,sequential sorting network,4122200
80,80,std::sort,1819400
90,80,own sorting network,9449459000
90,80,openmp sorting network,5250700
90,80,sequential sorting network,5177900
90,80,std::sort,2281000
100,80,own sorting network,11701629800
100,80,openmp sorting network,6381400
100,80,sequential sorting network,6296500
100,80,std::sort,2784000
10,88,own sorting network,251692600
10,88,openmp sorting network,128400
10,88,sequential sorting network,135300
10,88,std::sort,57500
20,88,own sorting network,765346100
20,88,openmp sorting network,385200
20,88,sequential sorting network,391800
20,88,std::sort,172200
30,88,own sorting network,1520584000
30,88,openmp sorting network,768300
30,88,sequential sorting network,785100
30,88,std::sort,343600
40,88,own sorting network,2533180000
40,88,openmp sorting network,1295300
40,88,sequential sorting network,1296500
40,88,std::sort,571000
50,88,own sorting network,3808345900
50,88,openmp sorting network,1960500
50,88,sequential sorting network,1938500
50,88,std::sort,853400
60,88,own sorting network,5336230000
60,88,openmp sorting network,2750300
60,88,sequential sorting network,2707600
60,88,std::sort,1192600
70,88,own sorting network,7109824600
70,88,openmp sorting network,3654100
70,88,sequential sorting network,3606200
70,88,std::sort,1597700
80,88,own sorting network,9131646400
80,88,openmp sorting network,4673100
80,88,sequential sorting network,4626500
80,88,std::sort,2056900
90,88,own sorting network,11407319600
90,88,openmp sorting network,5801900
90,88,sequential sorting network,5750800
90,88,std::sort,2576700
100,88,own sorting network,13944497600
100,88,openmp sorting network,7034300
100,88,sequential sorting network,6998300
100,88,std::sort,3124400
10,96,own sorting network,272321400
10,96,openmp sorting network,144400
10,96,sequential sorting network,152000
10,96,std::sort,64900
20,96,own sorting network,826009400
20,96,openmp sorting network,419700
20,96,sequential sorting network,426400
20,96,std::sort,188200
30,96,own sorting network,1651212700
30,96,openmp sorting network,835900
30,96,sequential sorting network,853700
30,96,std::sort,375700
40,96,own sorting network,2762083800
40,96,openmp sorting network,1402200
40,96,sequential sorting network,1421200
40,96,std::sort,626800
50,96,own sorting network,4127490700
50,96,openmp sorting network,2078300
50,96,sequential sorting network,2109600
50,96,std::sort,940600
60,96,own sorting network,5746691400
60,96,openmp sorting network,2938700
60,96,sequential sorting network,2974300
60,96,std::sort,1324100
70,96,own sorting network,7645989500
70,96,openmp sorting network,3941300
70,96,sequential sorting network,3982600
70,96,std::sort,1780900
80,96,own sorting network,9824384900
80,96,openmp sorting network,5031400
80,96,sequential sorting network,5093200
80,96,std::sort,2293300
90,96,own sorting network,12314607600
90,96,openmp sorting network,6310200
90,96,sequential sorting network,6359000
90,96,std::sort,2870800
100,96,own sorting network,15066768100
100,96,openmp sorting network,7662600
100,96,sequential sorting network,7743700
100,96,std::sort,3487600
10,104,own sorting network,289370900
10,104,openmp sorting network,173500
10,104,sequential sorting network,157600
10,104,std::sort,69500
20,104,own sorting network,882201100
20,104,openmp sorting network,484100
20,104,sequential sorting network,467500
20,104,std::sort,218000
30,104,own sorting network,1765322200
30,104,openmp sorting network,948900
30,104,sequential sorting network,920600
30,104,std::sort,420400
40,104,own sorting network,2921472000
40,104,openmp sorting network,1582300
40,104,sequential sorting network,1561400
40,104,std::sort,702500
50,104,own sorting network,4375443300
50,104,openmp sorting network,2359900
50,104,sequential sorting network,2339300
50,104,std::sort,1045000
60,104,own sorting network,6137526100
60,104,openmp sorting network,3308700
60,104,sequential sorting network,3264600
60,104,std::sort,1457300
70,104,own sorting network,8177206300
70,104,openmp sorting network,4392000
70,104,sequential sorting network,4344400
70,104,std::sort,1945700
80,104,own sorting network,10531978300
80,104,openmp sorting network,5599700
80,104,sequential sorting network,5551000
80,104,std::sort,2492200
90,104,own sorting network,13149426700
90,104,openmp sorting network,6991900
90,104,sequential sorting network,6937500
90,104,std::sort,3124600
100,104,own sorting network,16017897000
100,104,openmp sorting network,8580400
100,104,sequential sorting network,8521700
100,104,std::sort,3823900
10,112,own sorting network,328065200
10,112,openmp sorting network,169600
10,112,sequential sorting network,167700
10,112,std::sort,75800
20,112,own sorting network,959329300
20,112,openmp sorting network,497200
20,112,sequential sorting network,494400
20,112,std::sort,239200
30,112,own sorting network,1906071500
30,112,openmp sorting network,997700
30,112,sequential sorting network,1002700
30,112,std::sort,466500
40,112,own sorting network,3172816200
40,112,openmp sorting network,1646300
40,112,sequential sorting network,1650700
40,112,std::sort,771100
50,112,own sorting network,4768979700
50,112,openmp sorting network,2503300
50,112,sequential sorting network,2525200
50,112,std::sort,1147900
60,112,own sorting network,6646727000
60,112,openmp sorting network,3531800
60,112,sequential sorting network,3552200
60,112,std::sort,1600700
70,112,own sorting network,8812408700
70,112,openmp sorting network,4696300
70,112,sequential sorting network,4742600
70,112,std::sort,2126000
80,112,own sorting network,11274513000
80,112,openmp sorting network,5992000
80,112,sequential sorting network,6059500
80,112,std::sort,2709500
90,112,own sorting network,14102789100
90,112,openmp sorting network,7460800
90,112,sequential sorting network,7516800
90,112,std::sort,3397800
100,112,own sorting network,17186877000
100,112,openmp sorting network,9137100
100,112,sequential sorting network,9176700
100,112,std::sort,4156900
10,120,own sorting network,344024500
10,120,openmp sorting network,182000
10,120,sequential sorting network,180300
10,120,std::sort,80700
20,120,own sorting network,980585300
20,120,openmp sorting network,543800
20,120,sequential sorting network,542200
20,120,std::sort,250900
30,120,own sorting network,1985517500
30,120,openmp sorting network,1071500
30,120,sequential sorting network,1072000
30,120,std::sort,491900
40,120,own sorting network,3294100100
40,120,openmp sorting network,1845500
40,120,sequential sorting network,1803000
40,120,std::sort,817600
50,120,own sorting network,4938532900
50,120,openmp sorting network,2773600
50,120,sequential sorting network,2719200
50,120,std::sort,1216500
60,120,own sorting network,6917040300
60,120,openmp sorting network,3859200
60,120,sequential sorting network,3817500
60,120,std::sort,1784900
70,120,own sorting network,9242372700
70,120,openmp sorting network,5111100
70,120,sequential sorting network,5058900
70,120,std::sort,2401500
80,120,own sorting network,11877283900
80,120,openmp sorting network,6520100
80,120,sequential sorting network,6492300
80,120,std::sort,3047800
90,120,own sorting network,14786456100
90,120,openmp sorting network,8149400
90,120,sequential sorting network,8138100
90,120,std::sort,3784200
100,120,own sorting network,18053045500
100,120,openmp sorting network,9921100
100,120,sequential sorting network,9956000
100,120,std::sort,4584200
10,128,own sorting network,344761500
10,128,openmp sorting network,208800
10,128,sequential sorting network,199600
10,128,std::sort,89300
20,128,own sorting network,1032506500
20,128,openmp sorting network,594600
20,128,sequential sorting network,600700
20,128,std::sort,260500
30,128,own sorting network,2080328000
30,128,openmp sorting network,1205600
30,128,sequential sorting network,1185800
30,128,std::sort,534200
40,128,own sorting network,3399054200
40,128,openmp sorting network,1975900
40,128,sequential sorting network,1948400
40,128,std::sort,877000
50,128,own sorting network,4920596400
50,128,openmp sorting network,2956700
50,128,sequential sorting network,2939000
50,128,std::sort,1342900
60,128,own sorting network,6733012900
60,128,openmp sorting network,4124800
60,128,sequential sorting network,4126800
60,128,std::sort,1889200
70,128,own sorting network,8866513300
70,128,openmp sorting network,5565700
70,128,sequential sorting network,5494700
70,128,std::sort,2509700
80,128,own sorting network,11289475000
80,128,openmp sorting network,7086800
80,128,sequential sorting network,7029500
80,128,std::sort,3200400
90,128,own sorting network,13997854400
90,128,openmp sorting network,8786000
90,128,sequential sorting network,8739800
90,128,std::sort,3974600
100,128,own sorting network,16995499800
100,128,openmp sorting network,10742300
100,128,sequential sorting network,10773600
100,128,std::sort,4855300
10,136,own sorting network,428930100
10,136,openmp sorting network,249800
10,136,sequential sorting network,246600
10,136,std::sort,96300
20,136,own sorting network,1266246100
20,136,openmp sorting network,727100
20,136,sequential sorting network,733900
20,136,std::sort,286800
30,136,own sorting network,2512026400
30,136,openmp sorting network,1454500
30,136,sequential sorting network,1445300
30,136,std::sort,577400
40,136,own sorting network,4209395100
40,136,openmp sorting network,2431100
40,136,sequential sorting network,2409200
40,136,std::sort,961800
50,136,own sorting network,6247552100
50,136,openmp sorting network,3634400
50,136,sequential sorting network,3574700
50,136,std::sort,1429600
60,136,own sorting network,8692776400
60,136,openmp sorting network,5072900
60,136,sequential sorting network,5011500
60,136,std::sort,1998300
70,136,own sorting network,11613151700
70,136,openmp sorting network,6776900
70,136,sequential sorting network,6683500
70,136,std::sort,2665400
80,136,own sorting network,15005286900
80,136,openmp sorting network,8699100
80,136,sequential sorting network,8621700
80,136,std::sort,3445100
90,136,own sorting network,18661218400
90,136,openmp sorting network,10900100
90,136,sequential sorting network,10767400
90,136,std::sort,4268400
100,136,own sorting network,22742942200
100,136,openmp sorting network,13277000
100,136,sequential sorting network,13199000
100,136,std::sort,5246000
10,144,own sorting network,423402200
10,144,openmp sorting network,278100
10,144,sequential sorting network,269600
10,144,std::sort,105100
20,144,own sorting network,1264595000
20,144,openmp sorting network,809200
20,144,sequential sorting network,792100
20,144,std::sort,320200
30,144,own sorting network,2650618300
30,144,openmp sorting network,1587800
30,144,sequential sorting network,1553700
30,144,std::sort,623200
40,144,own sorting network,4469077500
40,144,openmp sorting network,2609700
40,144,sequential sorting network,2574400
40,144,std::sort,1051600
50,144,own sorting network,6704366200
50,144,openmp sorting network,3901100
50,144,sequential sorting network,3890100
50,144,std::sort,1566500
60,144,own sorting network,9359847600
60,144,openmp sorting network,5393400
60,144,sequential sorting network,5391300
60,144,std::sort,2171400
70,144,own sorting network,12447775800
70,144,openmp sorting network,7134700
70,144,sequential sorting network,7136700
70,144,std::sort,2855300
80,144,own sorting network,15890960400
80,144,openmp sorting network,9195500
80,144,sequential sorting network,9189600
80,144,std::sort,3666600
90,144,own sorting network,19753286900
90,144,openmp sorting network,11509000
90,144,sequential sorting network,11517700
90,144,std::sort,4589100
100,144,own sorting network,24100191400
100,144,openmp sorting network,13991400
100,144,sequential sorting network,14005900
100,144,std::sort,5573900
10,152,own sorting network,461106100
10,152,openmp sorting network,282900
10,152,sequential sorting network,311400
10,152,std::sort,111100
20,152,own sorting network,1385450300
20,152,openmp sorting network,812200
20,152,sequential sorting network,838300
20,152,std::sort,321100
30,152,own sorting network,2740945000
30,152,openmp sorting network,1629900
30,152,sequential sorting network,1652700
30,152,std::sort,643500
40,152,own sorting network,4523439800
40,152,openmp sorting network,2874700
40,152,sequential sorting network,2837000
40,152,std::sort,1094200
50,152,own sorting network,6614001700
50,152,openmp sorting network,4392600
50,152,sequential sorting network,4367100
50,152,std::sort,1658700
60,152,own sorting network,9182356500
60,152,openmp sorting network,5978600
60,152,sequential sorting network,5943100
60,152,std::sort,2289800
70,152,own sorting network,12296190500
70,152,openmp sorting network,7937300
70,152,sequential sorting network,7952400
70,152,std::sort,3071400
80,152,own sorting network,15882069400
80,152,openmp sorting network,10042200
80,152,sequential sorting network,10059400
80,152,std::sort,3938700
90,152,own sorting network,19991291500
90,152,openmp sorting network,12454000
90,152,sequential sorting network,12432500
90,152,std::sort,4886800
100,152,own sorting network,24520696300
100,152,openmp sorting network,15173600
100,152,sequential sorting network,15152900
100,152,std::sort,5960400
10,160,own sorting network,469479300
10,160,openmp sorting network,287700
10,160,sequential sorting network,295000
10,160,std::sort,114500
20,160,own sorting network,1394404700
20,160,openmp sorting network,866600
20,160,sequential sorting network,877000
20,160,std::sort,350800
30,160,own sorting network,2847314100
30,160,openmp sorting network,1710900
30,160,sequential sorting network,1715300
30,160,std::sort,687500
40,160,own sorting network,4708328300
40,160,openmp sorting network,2826100
40,160,sequential sorting network,2830700
40,160,std::sort,1140900
50,160,own sorting network,7217104500
50,160,openmp sorting network,4356700
50,160,sequential sorting network,4299500
50,160,std::sort,1736100
60,160,own sorting network,10424321000
60,160,openmp sorting network,6065900
60,160,sequential sorting network,6020200
60,160,std::sort,2428000
70,160,own sorting network,14146661500
70,160,openmp sorting network,8206900
70,160,sequential sorting network,8060400
70,160,std::sort,3253200
80,160,own sorting network,18438618800
80,160,openmp sorting network,10490700
80,160,sequential sorting network,10365100
80,160,std::sort,4172700
90,160,own sorting network,23270871800
90,160,openmp sorting network,13082600
90,160,sequential sorting network,12955500
90,160,std::sort,5229300
100,160,own sorting network,28330840200
100,160,openmp sorting network,15938000
100,160,sequential sorting network,15801000
100,160,std::sort,6428200
10,168,own sorting network,569699200
10,168,openmp sorting network,309100
10,168,sequential sorting network,319500
10,168,std::sort,118800
20,168,own sorting network,1706576600
20,168,openmp sorting network,929500
20,168,sequential sorting network,918900
20,168,std::sort,370900
30,168,own sorting network,3433204600
30,168,openmp sorting network,1816800
30,168,sequential sorting network,1805800
30,168,std::sort,731000
40,168,own sorting network,5692293600
40,168,openmp sorting network,2999800
40,168,sequential sorting network,3004200
40,168,std::sort,1199400
50,168,own sorting network,8527077600
50,168,openmp sorting network,4510300
50,168,sequential sorting network,4525900
50,168,std::sort,1825300
60,168,own sorting network,11839326800
60,168,openmp sorting network,6390600
60,168,sequential sorting network,6388500
60,168,std::sort,2655800
70,168,own sorting network,15768834800
70,168,openmp sorting network,8668800
70,168,sequential sorting network,8638200
70,168,std::sort,3582200
80,168,own sorting network,20318314300
80,168,openmp sorting network,11083400
80,168,sequential sorting network,11121600
80,168,std::sort,4581100
90,168,own sorting network,25473432000
90,168,openmp sorting network,13805100
90,168,sequential sorting network,13926700
90,168,std::sort,5675700
100,168,own sorting network,31039119900
100,168,openmp sorting network,16937000
100,168,sequential sorting network,17019300
100,168,std::sort,6922000
10,176,own sorting network,599470300
10,176,openmp sorting network,314600
10,176,sequential sorting network,322200
10,176,std::sort,125700
20,176,own sorting network,1752129400
20,176,openmp sorting network,1010000
20,176,sequential sorting network,987100
20,176,std::sort,382700
30,176,own sorting network,3512007300
30,176,openmp sorting network,1947200
30,176,sequential sorting network,1923000
30,176,std::sort,755900
40,176,own sorting network,5844370100
40,176,openmp sorting network,3213400
40,176,sequential sorting network,3158400
40,176,std::sort,1261500
50,176,own sorting network,8621830300
50,176,openmp sorting network,4767800
50,176,sequential sorting network,4729500
50,176,std::sort,1882100
60,176,own sorting network,11996539400
60,176,openmp sorting network,6682000
60,176,sequential sorting network,6634200
60,176,std::sort,2654400
70,176,own sorting network,16108369200
70,176,openmp sorting network,8909500
70,176,sequential sorting network,8890700
70,176,std::sort,3537000
80,176,own sorting network,20760021700
80,176,openmp sorting network,11393600
80,176,sequential sorting network,11403800
80,176,std::sort,4541100
90,176,own sorting network,25977551900
90,176,openmp sorting network,14213000
90,176,sequential sorting network,14193700
90,176,std::sort,5670500
100,176,own sorting network,31939776000
100,176,openmp sorting network,17387100
100,176,sequential sorting network,17277900
100,176,std::sort,6912300
10,184,own sorting network,606367200
10,184,openmp sorting network,329700
10,184,sequential sorting network,335200
10,184,std::sort,133700
20,184,own sorting network,1822724200
20,184,openmp sorting network,990000
20,184,sequential sorting network,1000000
20,184,std::sort,396100
30,184,own sorting network,3694063300
30,184,openmp sorting network,2001300
30,184,sequential sorting network,2028000
30,184,std::sort,799200
40,184,own sorting network,6184012000
40,184,openmp sorting network,3340000
40,184,sequential sorting network,3384200
40,184,std::sort,1334200
50,184,own sorting network,9250151600
50,184,openmp sorting network,5020200
50,184,sequential sorting network,5051000
50,184,std::sort,2011700
60,184,own sorting network,12826079600
60,184,openmp sorting network,7505300
60,184,sequential sorting network,7229100
60,184,std::sort,2878900
70,184,own sorting network,17168739400
70,184,openmp sorting network,9861500
70,184,sequential sorting network,9581100
70,184,std::sort,3826700
80,184,own sorting network,22066898900
80,184,openmp sorting network,12527900
80,184,sequential sorting network,12364500
80,184,std::sort,4902300
90,184,own sorting network,27654054900
90,184,openmp sorting network,15447600
90,184,sequential sorting network,15375900
90,184,std::sort,6083100
100,184,own sorting network,33817549700
100,184,openmp sorting network,18696200
100,184,sequential sorting network,18634000
100,184,std::sort,7389200
10,192,own sorting network,579304000
10,192,openmp sorting network,376000
10,192,sequential sorting network,381800
10,192,std::sort,150800
20,192,own sorting network,1748334500
20,192,openmp sorting network,1109000
20,192,sequential sorting network,1141700
20,192,std::sort,456500
30,192,own sorting network,3629248500
30,192,openmp sorting network,2124800
30,192,sequential sorting network,2177700
30,192,std::sort,870300
40,192,own sorting network,6074038200
40,192,openmp sorting network,3513300
40,192,sequential sorting network,3634600
40,192,std::sort,1440500
50,192,own sorting network,9090368900
50,192,openmp sorting network,5262200
50,192,sequential sorting network,5373300
50,192,std::sort,2152200
60,192,own sorting network,12909312500
60,192,openmp sorting network,7358700
60,192,sequential sorting network,7482600
60,192,std::sort,2985100
70,192,own sorting network,17370393300
70,192,openmp sorting network,9733500
70,192,sequential sorting network,9866600
70,192,std::sort,3950200
80,192,own sorting network,22338962000
80,192,openmp sorting network,12540800
80,192,sequential sorting network,12646700
80,192,std::sort,5080200
90,192,own sorting network,27605033200
90,192,openmp sorting network,15848000
90,192,sequential sorting network,15993500
90,192,std::sort,6422900
100,192,own sorting network,33740229100
100,192,openmp sorting network,19390900
100,192,sequential sorting network,19499600
100,192,std::sort,7837400
10,200,own sorting network,642345500
10,200,openmp sorting network,364300
10,200,sequential sorting network,362100
10,200,std::sort,144900
20,200,own sorting network,1966367800
20,200,openmp sorting network,1107600
20,200,sequential sorting network,1093300
20,200,std::sort,433800
30,200,own sorting network,3918447800
30,200,openmp sorting network,2226800
30,200,sequential sorting network,2204400
30,200,std::sort,875400
40,200,own sorting network,6408399700
40,200,openmp sorting network,3692800
40,200,sequential sorting network,3679000
40,200,std::sort,1462500
50,200,own sorting network,9693317300
50,200,openmp sorting network,5488900
50,200,sequential sorting network,5499300
50,200,std::sort,2189200
60,200,own sorting network,13604454800
60,200,openmp sorting network,7642600
60,200,sequential sorting network,7649400
60,200,std::sort,3059300
70,200,own sorting network,18108867700
70,200,openmp sorting network,10255500
70,200,sequential sorting network,10261700
70,200,std::sort,4119600
80,200,own sorting network,23270338300
80,200,openmp sorting network,13151900
80,200,sequential sorting network,13208200
80,200,std::sort,5269000
90,200,own sorting network,28027958200
90,200,openmp sorting network,16875800
90,200,sequential sorting network,16802500
90,200,std::sort,7083000
100,200,own sorting network,33340050000
100,200,openmp sorting network,20713600
100,200,sequential sorting network,20657600
100,200,std::sort,8634600
10,208,own sorting network,566231800
10,208,openmp sorting network,423500
10,208,sequential sorting network,390400
10,208,std::sort,156700
20,208,own sorting network,1718588700
20,208,openmp sorting network,1242800
20,208,sequential sorting network,1185800
20,208,std::sort,466500
30,208,own sorting network,3473650900
30,208,openmp sorting network,2368000
30,208,sequential sorting network,2318000
30,208,std::sort,918800
40,208,own sorting network,5748443900
40,208,openmp sorting network,3879100
40,208,sequential sorting network,3809700
40,208,std::sort,1531600
50,208,own sorting network,8486071600
50,208,openmp sorting network,5797300
50,208,sequential sorting network,5729900
50,208,std::sort,2331800
60,208,own sorting network,11818497100
60,208,openmp sorting network,8086400
60,208,sequential sorting network,8030000
60,208,std::sort,3262200
70,208,own sorting network,16446243400
70,208,openmp sorting network,10742400
70,208,sequential sorting network,10702700
70,208,std::sort,4320600
80,208,own sorting network,21777601100
80,208,openmp sorting network,13773800
80,208,sequential sorting network,13715400
80,208,std::sort,5537900
90,208,own sorting network,27741864500
90,208,openmp sorting network,17171800
90,208,sequential sorting network,17084200
90,208,std::sort,6961800
100,208,own sorting network,34239901600
100,208,openmp sorting network,20939000
100,208,sequential sorting network,20897000
100,208,std::sort,8478400
10,216,own sorting network,708111100
10,216,openmp sorting network,405200
10,216,sequential sorting network,414900
10,216,std::sort,162700
20,216,own sorting network,2097520700
20,216,openmp sorting network,1219300
20,216,sequential sorting network,1220400
20,216,std::sort,486800
30,216,own sorting network,4179871200
30,216,openmp sorting network,2416200
30,216,sequential sorting network,2418400
30,216,std::sort,969700
40,216,own sorting network,7047686700
40,216,openmp sorting network,4024800
40,216,sequential sorting network,3991400
40,216,std::sort,1606500
50,216,own sorting network,10548900400
50,216,openmp sorting network,5984000
50,216,sequential sorting network,5927000
50,216,std::sort,2391300
60,216,own sorting network,14461739600
60,216,openmp sorting network,8317600
60,216,sequential sorting network,8269800
60,216,std::sort,3341600
70,216,own sorting network,18830506500
70,216,openmp sorting network,11044300
70,216,sequential sorting network,11121500
70,216,std::sort,4444400
80,216,own sorting network,24118736800
80,216,openmp sorting network,14677200
80,216,sequential sorting network,14607200
80,216,std::sort,5839400
90,216,own sorting network,29306211600
90,216,openmp sorting network,18264700
90,216,sequential sorting network,18440100
90,216,std::sort,7295200
100,216,own sorting network,35157182200
100,216,openmp sorting network,22150500
100,216,sequential sorting network,22321300
100,216,std::sort,8902600
10,224,own sorting network,618165700
10,224,openmp sorting network,415900
10,224,sequential sorting network,403700
10,224,std::sort,172600
20,224,own sorting network,1865524800
20,224,openmp sorting network,1194400
20,224,sequential sorting network,1169800
20,224,std::sort,486000
30,224,own sorting network,3846072600
30,224,openmp sorting network,2436600
30,224,sequential sorting network,2390500
30,224,std::sort,976400
40,224,own sorting network,6699518600
40,224,openmp sorting network,4060100
40,224,sequential sorting network,4092300
40,224,std::sort,1628500
50,224,own sorting network,10156538800
50,224,openmp sorting network,6153200
50,224,sequential sorting network,6159100
50,224,std::sort,2478400
60,224,own sorting network,14514878700
60,224,openmp sorting network,8636400
60,224,sequential sorting network,8603800
60,224,std::sort,3470700
70,224,own sorting network,19513219400
70,224,openmp sorting network,11628400
70,224,sequential sorting network,11529300
70,224,std::sort,4653200
80,224,own sorting network,25182678400
80,224,openmp sorting network,14942100
80,224,sequential sorting network,14783700
80,224,std::sort,5974600
90,224,own sorting network,31721508800
90,224,openmp sorting network,18593800
90,224,sequential sorting network,18434300
90,224,std::sort,7463600
100,224,own sorting network,38978799900
100,224,openmp sorting network,22823400
100,224,sequential sorting network,22604200
100,224,std::sort,9183200
10,232,own sorting network,714407200
10,232,openmp sorting network,437700
10,232,sequential sorting network,428500
10,232,std::sort,183300
20,232,own sorting network,2234702300
20,232,openmp sorting network,1309400
20,232,sequential sorting network,1298000
20,232,std::sort,532800
30,232,own sorting network,4443078500
30,232,openmp sorting network,2584700
30,232,sequential sorting network,2590800
30,232,std::sort,1055700
40,232,own sorting network,7235961900
40,232,openmp sorting network,4327500
40,232,sequential sorting network,4367300
40,232,std::sort,1770400
50,232,own sorting network,10524298100
50,232,openmp sorting network,6599100
50,232,sequential sorting network,6611900
50,232,std::sort,2792300
60,232,own sorting network,14850010800
60,232,openmp sorting network,9263100
60,232,sequential sorting network,9244700
60,232,std::sort,3844800
70,232,own sorting network,19799905800
70,232,openmp sorting network,12304400
70,232,sequential sorting network,12223400
70,232,std::sort,5050800
80,232,own sorting network,25753159700
80,232,openmp sorting network,15799700
80,232,sequential sorting network,15712600
80,232,std::sort,6456400
90,232,own sorting network,32467119400
90,232,openmp sorting network,19608700
90,232,sequential sorting network,19523100
90,232,std::sort,7993000
100,232,own sorting network,39780136600
100,232,openmp sorting network,24010000
100,232,sequential sorting network,23748800
100,232,std::sort,9716900
10,240,own sorting network,706534300
10,240,openmp sorting network,461200
10,240,sequential sorting network,448200
10,240,std::sort,193300
20,240,own sorting network,2259067600
20,240,openmp sorting network,1342900
20,240,sequential sorting network,1367200
20,240,std::sort,554900
30,240,own sorting network,4386277700
30,240,openmp sorting network,2827200
30,240,sequential sorting network,2831900
30,240,std::sort,1157500
40,240,own sorting network,7415950400
40,240,openmp sorting network,4606900
40,240,sequential sorting network,4635700
40,240,std::sort,1863200
50,240,own sorting network,11198098100
50,240,openmp sorting network,6830600
50,240,sequential sorting network,6828100
50,240,std::sort,2756100
60,240,own sorting network,15780230100
60,240,openmp sorting network,9492200
60,240,sequential sorting network,9450500
60,240,std::sort,3931100
70,240,own sorting network,21025566900
70,240,openmp sorting network,12638000
70,240,sequential sorting network,12583800
70,240,std::sort,5213000
80,240,own sorting network,26878908100
80,240,openmp sorting network,16234700
80,240,sequential sorting network,16207200
80,240,std::sort,6688100
90,240,own sorting network,32983191900
90,240,openmp sorting network,20363500
90,240,sequential sorting network,20260400
90,240,std::sort,8322700
100,240,own sorting network,40229005100
100,240,openmp sorting network,24840400
100,240,sequential sorting network,24746900
100,240,std::sort,10149400
10,248,own sorting network,666224700
10,248,openmp sorting network,510400
10,248,sequential sorting network,479400
10,248,std::sort,204000
20,248,own sorting network,2113979300
20,248,openmp sorting network,1508400
20,248,sequential sorting network,1440100
20,248,std::sort,593300
30,248,own sorting network,4425708300
30,248,openmp sorting network,2880200
30,248,sequential sorting network,2839300
30,248,std::sort,1163000
40,248,own sorting network,7559230500
40,248,openmp sorting network,4750900
40,248,sequential sorting network,4709700
40,248,std::sort,1937500
50,248,own sorting network,11448730400
50,248,openmp sorting network,7040600
50,248,sequential sorting network,7000600
50,248,std::sort,2868400
60,248,own sorting network,15538313000
60,248,openmp sorting network,10090900
60,248,sequential sorting network,10113900
60,248,std::sort,4096500
70,248,own sorting network,19299552500
70,248,openmp sorting network,13935600
70,248,sequential sorting network,13766800
70,248,std::sort,5567200
80,248,own sorting network,23272774700
80,248,openmp sorting network,19240500
80,248,sequential sorting network,18809000
80,248,std::sort,7265700
90,248,own sorting network,28336833800
90,248,openmp sorting network,23440800
90,248,sequential sorting network,23051800
90,248,std::sort,8924000
100,248,own sorting network,35949766500
100,248,openmp sorting network,28013600
100,248,sequential sorting network,27595100
100,248,std::sort,10772800
10,256,own sorting network,742414500
10,256,openmp sorting network,481700
10,256,sequential sorting network,486200
10,256,std::sort,193500
20,256,own sorting network,1959837600
20,256,openmp sorting network,1480800
20,256,sequential sorting network,1461700
20,256,std::sort,586700
30,256,own sorting network,3727754000
30,256,openmp sorting network,2946700
30,256,sequential sorting network,2912600
30,256,std::sort,1183900
40,256,own sorting network,6120448700
40,256,openmp sorting network,4885800
40,256,sequential sorting network,4878800
40,256,std::sort,1964600
50,256,own sorting network,9085235600
50,256,openmp sorting network,7374400
50,256,sequential sorting network,7323300
50,256,std::sort,2958000
60,256,own sorting network,12610214300
60,256,openmp sorting network,10306000
60,256,sequential sorting network,10256400
60,256,std::sort,4133800
70,256,own sorting network,16537621700
70,256,openmp sorting network,13683600
70,256,sequential sorting network,13680300
70,256,std::sort,5508600
80,256,own sorting network,22643761500
80,256,openmp sorting network,17603900
80,256,sequential sorting network,17570000
80,256,std::sort,7099100
90,256,own sorting network,29819213700
90,256,openmp sorting network,21877700
90,256,sequential sorting network,21823700
90,256,std::sort,8834500
100,256,own sorting network,37675456600
100,256,openmp sorting network,26704800
100,256,sequential sorting network,26881800
100,256,std::sort,10759000
10,8,own sorting network,5096500
10,8,openmp sorting network,4000
10,8,sequential sorting network,3400
10,8,std::sort,3100
20,8,own sorting network,15471900
20,8,openmp sorting network,11500
20,8,sequential sorting network,10700
20,8,std::sort,8800
30,8,own sorting network,31064300
30,8,openmp sorting network,22700
30,8,sequential sorting network,21900
30,8,std::sort,17300
40,8,own sorting network,51936400
40,8,openmp sorting network,37100
40,8,sequential sorting network,36300
40,8,std::sort,27900
50,8,own sorting network,78094100
50,8,openmp sorting network,53700
50,8,sequential sorting network,52600
50,8,std::sort,40000
60,8,own sorting network,109478500
60,8,openmp sorting network,73700
60,8,sequential sorting network,72900
60,8,std::sort,55300
70,8,own sorting network,145954300
70,8,openmp sorting network,96400
70,8,sequential sorting network,96400
70,8,std::sort,72800
80,8,own sorting network,187612600
80,8,openmp sorting network,124500
80,8,sequential sorting network,124300
80,8,std::sort,92400
90,8,own sorting network,236115100
90,8,openmp sorting network,154900
90,8,sequential sorting network,154300
90,8,std::sort,114200
100,8,own sorting network,293637600
100,8,openmp sorting network,189400
100,8,sequential sorting network,187500
100,8,std::sort,139000
10,16,own sorting network,18056200
10,16,openmp sorting network,12700
10,16,sequential sorting network,12400
10,16,std::sort,6600
20,16,own sorting network,55358500
20,16,openmp sorting network,36000
20,16,sequential sorting network,34800
20,16,std::sort,19200
30,16,own sorting network,111209800
30,16,openmp sorting network,69800
30,16,sequential sorting network,68000
30,16,std::sort,38700
40,16,own sorting network,186581000
40,16,openmp sorting network,113400
40,16,sequential sorting network,111100
40,16,std::sort,63500
50,16,own sorting network,282518600
50,16,openmp sorting network,177800
50,16,sequential sorting network,166500
50,16,std::sort,93900
60,16,own sorting network,395796300
60,16,openmp sorting network,242800
60,16,sequential sorting network,231600
60,16,std::sort,132700
70,16,own sorting network,524834800
70,16,openmp sorting network,316800
70,16,sequential sorting network,305100
70,16,std::sort,174600
80,16,own sorting network,670660900
80,16,openmp sorting network,398800
80,16,sequential sorting network,387600
80,16,std::sort,220300
90,16,own sorting network,831497000
90,16,openmp sorting network,490800
90,16,sequential sorting network,480200
90,16,std::sort,273400
100,16,own sorting network,1006348200
100,16,openmp sorting network,590400
100,16,sequential sorting network,580000
100,16,std::sort,329900
10,24,own sorting network,38557000
10,24,openmp sorting network,21900
10,24,sequential sorting network,19900
10,24,std::sort,12000
20,24,own sorting network,116273000
20,24,openmp sorting network,62500
20,24,sequential sorting network,59700
20,24,std::sort,35900
30,24,own sorting network,232442200
30,24,openmp sorting network,123700
30,24,sequential sorting network,118400
30,24,std::sort,70200
40,24,own sorting network,388078300
40,24,openmp sorting network,202900
40,24,sequential sorting network,195800
40,24,std::sort,117000
50,24,own sorting network,584031000
50,24,openmp sorting network,304100
50,24,sequential sorting network,296000
50,24,std::sort,175600
60,24,own sorting network,818811800
60,24,openmp sorting network,420700
60,24,sequential sorting network,412500
60,24,std::sort,242800
70,24,own sorting network,1096768900
70,24,openmp sorting network,560700
70,24,sequential sorting network,551300
70,24,std::sort,323100
80,24,own sorting network,1408975600
80,24,openmp sorting network,715100
80,24,sequential sorting network,705800
80,24,std::sort,422200
90,24,own sorting network,1764421200
90,24,openmp sorting network,900600
90,24,sequential sorting network,880100
90,24,std::sort,523900
100,24,own sorting network,2146694300
100,24,openmp sorting network,1090400
100,24,sequential sorting network,1060600
100,24,std::sort,630500
10,32,own sorting network,48505300
10,32,openmp sorting network,28900
10,32,sequential sorting network,28700
10,32,std::sort,16800
20,32,own sorting network,146816000
20,32,openmp sorting network,83000
20,32,sequential sorting network,83400
20,32,std::sort,49200
30,32,own sorting network,295184000
30,32,openmp sorting network,163400
30,32,sequential sorting network,164400
30,32,std::sort,96000
40,32,own sorting network,493130400
40,32,openmp sorting network,268000
40,32,sequential sorting network,270000
40,32,std::sort,159300
50,32,own sorting network,739038300
50,32,openmp sorting network,402200
50,32,sequential sorting network,405600
50,32,std::sort,238500
60,32,own sorting network,1045062400
60,32,openmp sorting network,567600
60,32,sequential sorting network,573800
60,32,std::sort,335600
70,32,own sorting network,1406412400
70,32,openmp sorting network,766100
70,32,sequential sorting network,773500
70,32,std::sort,462000
80,32,own sorting network,1825329800
80,32,openmp sorting network,986000
80,32,sequential sorting network,992300
80,32,std::sort,597500
90,32,own sorting network,2295497100
90,32,openmp sorting network,1235700
90,32,sequential sorting network,1242800
90,32,std::sort,758700
100,32,own sorting network,2815321700
100,32,openmp sorting network,1543600
100,32,sequential sorting network,1522700
100,32,std::sort,924400
10,40,own sorting network,91027300
10,40,openmp sorting network,47400
10,40,sequential sorting network,46400
10,40,std::sort,23500
20,40,own sorting network,270845700
20,40,openmp sorting network,135200
20,40,sequential sorting network,133900
20,40,std::sort,67200
30,40,own sorting network,550523000
30,40,openmp sorting network,276500
30,40,sequential sorting network,285500
30,40,std::sort,138100
40,40,own sorting network,925204400
40,40,openmp sorting network,451900
40,40,sequential sorting network,459900
40,40,std::sort,227000
50,40,own sorting network,1376320300
50,40,openmp sorting network,667000
50,40,sequential sorting network,684400
50,40,std::sort,333200
60,40,own sorting network,1917245400
60,40,openmp sorting network,935900
60,40,sequential sorting network,944100
60,40,std::sort,465100
70,40,own sorting network,2548684200
70,40,openmp sorting network,1237000
70,40,sequential sorting network,1253700
70,40,std::sort,618500
80,40,own sorting network,3271966600
80,40,openmp sorting network,1582300
80,40,sequential sorting network,1607400
80,40,std::sort,791700
90,40,own sorting network,4075217800
90,40,openmp sorting network,1981800
90,40,sequential sorting network,1996800
90,40,std::sort,992800
100,40,own sorting network,5000632200
100,40,openmp sorting network,2469500
100,40,sequential sorting network,2425700
100,40,std::sort,1209300
10,48,own sorting network,109004800
10,48,openmp sorting network,58000
10,48,sequential sorting network,55800
10,48,std::sort,28800
20,48,own sorting network,321332900
20,48,openmp sorting network,176900
20,48,sequential sorting network,164200
20,48,std::sort,93500
30,48,own sorting network,642091000
30,48,openmp sorting network,337700
30,48,sequential sorting network,324900
30,48,std::sort,174900
40,48,own sorting network,1074471300
40,48,openmp sorting network,564900
40,48,sequential sorting network,544000
40,48,std::sort,284600
50,48,own sorting network,1611685600
50,48,openmp sorting network,833200
50,48,sequential sorting network,820800
50,48,std::sort,422500
60,48,own sorting network,2256033500
60,48,openmp sorting network,1155700
60,48,sequential sorting network,1131900
60,48,std::sort,581700
70,48,own sorting network,3000531700
70,48,openmp sorting network,1532700
70,48,sequential sorting network,1508300
70,48,std::sort,773300
80,48,own sorting network,3862513200
80,48,openmp sorting network,1960700
80,48,sequential sorting network,1941800
80,48,std::sort,991100
90,48,own sorting network,4822812600
90,48,openmp sorting network,2456000
90,48,sequential sorting network,2428800
90,48,std::sort,1245900
100,48,own sorting network,5893415100
100,48,openmp sorting network,2999100
100,48,sequential sorting network,2959500
100,48,std::sort,1525500
10,56,own sorting network,124441500
10,56,openmp sorting network,67800
10,56,sequential sorting network,66300
10,56,std::sort,34000
20,56,own sorting network,374815400
20,56,openmp sorting network,197200
20,56,sequential sorting network,203300
20,56,std::sort,100700
30,56,own sorting network,748239400
30,56,openmp sorting network,402600
30,56,sequential sorting network,399200
30,56,std::sort,202300
40,56,own sorting network,1248192300
40,56,openmp sorting network,694400
40,56,sequential sorting network,659000
40,56,std::sort,334200
50,56,own sorting network,1868076200
50,56,openmp sorting network,1016500
50,56,sequential sorting network,980800
50,56,std::sort,500000
60,56,own sorting network,2612090600
60,56,openmp sorting network,1402900
60,56,sequential sorting network,1356000
60,56,std::sort,693000
70,56,own sorting network,3481083800
70,56,openmp sorting network,1851000
70,56,sequential sorting network,1794500
70,56,std::sort,929900
80,56,own sorting network,4470792200
80,56,openmp sorting network,2349700
80,56,sequential sorting network,2304800
80,56,std::sort,1184600
90,56,own sorting network,5588957100
90,56,openmp sorting network,3003100
90,56,sequential sorting network,2922000
90,56,std::sort,1480500
100,56,own sorting network,6821714100
100,56,openmp sorting network,3680500
100,56,sequential sorting network,3583600
100,56,std::sort,1816500
10,64,own sorting network,146661900
10,64,openmp sorting network,93700
10,64,sequential sorting network,82800
10,64,std::sort,41100
20,64,own sorting network,424865100
20,64,openmp sorting network,258100
20,64,sequential sorting network,239000
20,64,std::sort,120100
30,64,own sorting network,845386900
30,64,openmp sorting network,486200
30,64,sequential sorting network,466400
30,64,std::sort,232700
40,64,own sorting network,1401338300
40,64,openmp sorting network,794600
40,64,sequential sorting network,765400
40,64,std::sort,385100
50,64,own sorting network,2102271600
50,64,openmp sorting network,1178000
50,64,sequential sorting network,1160600
50,64,std::sort,580700
60,64,own sorting network,2942745100
60,64,openmp sorting network,1630900
60,64,sequential sorting network,1619600
60,64,std::sort,807900
70,64,own sorting network,3923247900
70,64,openmp sorting network,2167400
70,64,sequential sorting network,2166300
70,64,std::sort,1078700
80,64,own sorting network,5039278400
80,64,openmp sorting network,2786100
80,64,sequential sorting network,2778900
80,64,std::sort,1469900
90,64,own sorting network,6296108200
90,64,openmp sorting network,3471600
90,64,sequential sorting network,3454600
90,64,std::sort,1819800
100,64,own sorting network,7698560800
100,64,openmp sorting network,4266400
100,64,sequential sorting network,4245600
100,64,std::sort,2212600
10,72,own sorting network,217404000
10,72,openmp sorting network,107000
10,72,sequential sorting network,104900
10,72,std::sort,45900
20,72,own sorting network,644752200
20,72,openmp sorting network,315800
20,72,sequential sorting network,310700
20,72,std::sort,136300
30,72,own sorting network,1266480800
30,72,openmp sorting network,632500
30,72,sequential sorting network,616500
30,72,std::sort,271000
40,72,own sorting network,2102545000
40,72,openmp sorting network,1031500
40,72,sequential sorting network,1020500
40,72,std::sort,443600
50,72,own sorting network,3066980800
50,72,openmp sorting network,1539400
50,72,sequential sorting network,1541200
50,72,std::sort,683800
60,72,own sorting network,4258334400
60,72,openmp sorting network,2159800
60,72,sequential sorting network,2148400
60,72,std::sort,958600
70,72,own sorting network,5716339100
70,72,openmp sorting network,2874800
70,72,sequential sorting network,2923200
70,72,std::sort,1268300
80,72,own sorting network,7368345100
80,72,openmp sorting network,3695400
80,72,sequential sorting network,3758300
80,72,std::sort,1623400
90,72,own sorting network,9219222400
90,72,openmp sorting network,4579300
90,72,sequential sorting network,4650500
90,72,std::sort,2011300
100,72,own sorting network,11314386100
100,72,openmp sorting network,5693400
100,72,sequential sorting network,5762100
100,72,std::sort,2488300
10,80,own sorting network,234979500
10,80,openmp sorting network,128800
10,80,sequential sorting network,138800
10,80,std::sort,57300
20,80,own sorting network,713607700
20,80,openmp sorting network,357800
20,80,sequential sorting network,379100
20,80,std::sort,158600
30,80,own sorting network,1403054600
30,80,openmp sorting network,700500
30,80,sequential sorting network,721400
30,80,std::sort,310500
40,80,own sorting network,2326630900
40,80,openmp sorting network,1152900
40,80,sequential sorting network,1184500
40,80,std::sort,511000
50,80,own sorting network,3471972700
50,80,openmp sorting network,1715400
50,80,sequential sorting network,1745300
50,80,std::sort,757000
60,80,own sorting network,4845932300
60,80,openmp sorting network,2418800
60,80,sequential sorting network,2438000
60,80,std::sort,1061100
70,80,own sorting network,6449306300
70,80,openmp sorting network,3226400
70,80,sequential sorting network,3295200
70,80,std::sort,1424200
80,80,own sorting network,8292781000
80,80,openmp sorting network,4143600
80,80,sequential sorting network,4244900
80,80,std::sort,1845000
90,80,own sorting network,10349244500
90,80,openmp sorting network,5168100
90,80,sequential sorting network,5279500
90,80,std::sort,2305000
100,80,own sorting network,12643284000
100,80,openmp sorting network,6315900
100,80,sequential sorting network,6465000
100,80,std::sort,2807100
10,88,own sorting network,250454100
10,88,openmp sorting network,142800
10,88,sequential sorting network,132800
10,88,std::sort,57100
20,88,own sorting network,752525300
20,88,openmp sorting network,409500
20,88,sequential sorting network,389000
20,88,std::sort,181600
30,88,own sorting network,1512978800
30,88,openmp sorting network,821400
30,88,sequential sorting network,768900
30,88,std::sort,365900
40,88,own sorting network,2530086800
40,88,openmp sorting network,1340600
40,88,sequential sorting network,1273700
40,88,std::sort,625100
50,88,own sorting network,3787172700
50,88,openmp sorting network,1976700
50,88,sequential sorting network,1914000
50,88,std::sort,918500
60,88,own sorting network,5293802800
60,88,openmp sorting network,2728100
60,88,sequential sorting network,2669400
60,88,std::sort,1248000
70,88,own sorting network,7045597900
70,88,openmp sorting network,3606900
70,88,sequential sorting network,3537700
70,88,std::sort,1642100
80,88,own sorting network,9029117500
80,88,openmp sorting network,4630600
80,88,sequential sorting network,4552400
80,88,std::sort,2081800
90,88,own sorting network,11249294000
90,88,openmp sorting network,5838200
90,88,sequential sorting network,5755000
90,88,std::sort,2616000
100,88,own sorting network,13751667100
100,88,openmp sorting network,7106700
100,88,sequential sorting network,7030300
100,88,std::sort,3180100
10,96,own sorting network,267970700
10,96,openmp sorting network,144900
10,96,sequential sorting network,153500
10,96,std::sort,64700
20,96,own sorting network,810834600
20,96,openmp sorting network,423200
20,96,sequential sorting network,484600
20,96,std::sort,189500
30,96,own sorting network,1614387300
30,96,openmp sorting network,879100
30,96,sequential sorting network,1098900
30,96,std::sort,396000
40,96,own sorting network,2724681500
40,96,openmp sorting network,1449800
40,96,sequential sorting network,1675400
40,96,std::sort,646900
50,96,own sorting network,4083799200
50,96,openmp sorting network,2152800
50,96,sequential sorting network,2385200
50,96,std::sort,960400
60,96,own sorting network,5688998500
60,96,openmp sorting network,2993200
60,96,sequential sorting network,3226800
60,96,std::sort,1337200
70,96,own sorting network,7572026100
70,96,openmp sorting network,3982700
70,96,sequential sorting network,4184400
70,96,std::sort,1764500
80,96,own sorting network,9729891600
80,96,openmp sorting network,5125600
80,96,sequential sorting network,5322400
80,96,std::sort,2262700
90,96,own sorting network,12184526700
90,96,openmp sorting network,6377700
90,96,sequential sorting network,6573500
90,96,std::sort,2835000
100,96,own sorting network,14899447500
100,96,openmp sorting network,7759200
100,96,sequential sorting network,8010900
100,96,std::sort,3453300
10,104,own sorting network,296660300
10,104,openmp sorting network,173800
10,104,sequential sorting network,158600
10,104,std::sort,70800
20,104,own sorting network,878200900
20,104,openmp sorting network,476900
20,104,sequential sorting network,471100
20,104,std::sort,208000
30,104,own sorting network,1703136900
30,104,openmp sorting network,930800
30,104,sequential sorting network,944600
30,104,std::sort,411500
40,104,own sorting network,2798626300
40,104,openmp sorting network,1527500
40,104,sequential sorting network,1541300
40,104,std::sort,690000
50,104,own sorting network,4127940000
50,104,openmp sorting network,2294800
50,104,sequential sorting network,2328300
50,104,std::sort,1035300
60,104,own sorting network,5741616800
60,104,openmp sorting network,3211400
60,104,sequential sorting network,3258500
60,104,std::sort,1447400
70,104,own sorting network,7658815400
70,104,openmp sorting network,4294200
70,104,sequential sorting network,4334800
70,104,std::sort,1932500
80,104,own sorting network,9814259100
80,104,openmp sorting network,5534100
80,104,sequential sorting network,5563500
80,104,std::sort,2480700
90,104,own sorting network,12285689600
90,104,openmp sorting network,6924900
90,104,sequential sorting network,6972100
90,104,std::sort,3108700
100,104,own sorting network,15006190100
100,104,openmp sorting network,8450300
100,104,sequential sorting network,8509700
100,104,std::sort,3801100
10,112,own sorting network,307962200
10,112,openmp sorting network,173900
10,112,sequential sorting network,172700
10,112,std::sort,76800
20,112,own sorting network,931959400
20,112,openmp sorting network,529500
20,112,sequential sorting network,498300
20,112,std::sort,225100
30,112,own sorting network,1874300800
30,112,openmp sorting network,1030400
30,112,sequential sorting network,1007000
30,112,std::sort,452000
40,112,own sorting network,3122217500
40,112,openmp sorting network,1680500
40,112,sequential sorting network,1666100
40,112,std::sort,744800
50,112,own sorting network,4677787500
50,112,openmp sorting network,2501700
50,112,sequential sorting network,2483500
50,112,std::sort,1119200
60,112,own sorting network,6499182100
60,112,openmp sorting network,3527200
60,112,sequential sorting network,3487900
60,112,std::sort,1569000
70,112,own sorting network,8634384400
70,112,openmp sorting network,4671700
70,112,sequential sorting network,4668200
70,112,std::sort,2081500
80,112,own sorting network,11064193600
80,112,openmp sorting network,5983600
80,112,sequential sorting network,5967100
80,112,std::sort,2673700
90,112,own sorting network,13813197500
90,112,openmp sorting network,7449400
90,112,sequential sorting network,7440800
90,112,std::sort,3337800
100,112,own sorting network,16917794600
100,112,openmp sorting network,9126300
100,112,sequential sorting network,9123700
100,112,std::sort,4067700
10,120,own sorting network,327063500
10,120,openmp sorting network,188400
10,120,sequential sorting network,211200
10,120,std::sort,85400
20,120,own sorting network,977983000
20,120,openmp sorting network,541300
20,120,sequential sorting network,575500
20,120,std::sort,246400
30,120,own sorting network,1966897600
30,120,openmp sorting network,1081400
30,120,sequential sorting network,1115300
30,120,std::sort,493900
40,120,own sorting network,3278975300
40,120,openmp sorting network,1782800
40,120,sequential sorting network,1816800
40,120,std::sort,821600
50,120,own sorting network,4876270100
50,120,openmp sorting network,2714500
50,120,sequential sorting network,2748200
50,120,std::sort,1236900
60,120,own sorting network,6831856300
60,120,openmp sorting network,3812900
60,120,sequential sorting network,3836600
60,120,std::sort,1733300
70,120,own sorting network,9113143000
70,120,openmp sorting network,5097700
70,120,sequential sorting network,5154100
70,120,std::sort,2311900
80,120,own sorting network,11700546300
80,120,openmp sorting network,6545700
80,120,sequential sorting network,6605700
80,120,std::sort,2983000
90,120,own sorting network,14638879500
90,120,openmp sorting network,8225100
90,120,sequential sorting network,8250600
90,120,std::sort,3722200
100,120,own sorting network,17853264800
100,120,openmp sorting network,10055400
100,120,sequential sorting network,10023500
100,120,std::sort,4517600
10,128,own sorting network,332062400
10,128,openmp sorting network,200700
10,128,sequential sorting network,199400
10,128,std::sort,88800
20,128,own sorting network,1034329200
20,128,openmp sorting network,582800
20,128,sequential sorting network,581500
20,128,std::sort,263800
30,128,own sorting network,2066031800
30,128,openmp sorting network,1152800
30,128,sequential sorting network,1223400
30,128,std::sort,523800
40,128,own sorting network,3445497300
40,128,openmp sorting network,1946500
40,128,sequential sorting network,2030900
40,128,std::sort,874200
50,128,own sorting network,5098979300
50,128,openmp sorting network,2958300
50,128,sequential sorting network,3013600
50,128,std::sort,1326700
60,128,own sorting network,7009548500
60,128,openmp sorting network,4169400
60,128,sequential sorting network,4238200
60,128,std::sort,1858900
70,128,own sorting network,9132915100
70,128,openmp sorting network,5610700
70,128,sequential sorting network,5695800
70,128,std::sort,2493200
80,128,own sorting network,11612293000
80,128,openmp sorting network,7179600
80,128,sequential sorting network,7264100
80,128,std::sort,3201600
90,128,own sorting network,14403828300
90,128,openmp sorting network,8914000
90,128,sequential sorting network,8975300
90,128,std::sort,3974100
100,128,own sorting network,17436282700
100,128,openmp sorting network,10922200
100,128,sequential sorting network,11013500
100,128,std::sort,4881900
10,136,own sorting network,425283400
10,136,openmp sorting network,244400
10,136,sequential sorting network,241900
10,136,std::sort,102800
20,136,own sorting network,1241230500
20,136,openmp sorting network,739700
20,136,sequential sorting network,761500
20,136,std::sort,299200
30,136,own sorting network,2496334900
30,136,openmp sorting network,1501300
30,136,sequential sorting network,1476600
30,136,std::sort,583000
40,136,own sorting network,4145394500
40,136,openmp sorting network,2488000
40,136,sequential sorting network,2441900
40,136,std::sort,959000
50,136,own sorting network,6143604100
50,136,openmp sorting network,3691800
50,136,sequential sorting network,3670800
50,136,std::sort,1453000
60,136,own sorting network,8907623900
60,136,openmp sorting network,5159500
60,136,sequential sorting network,5087800
60,136,std::sort,2012500
70,136,own sorting network,12159727600
70,136,openmp sorting network,6841600
70,136,sequential sorting network,6772900
70,136,std::sort,2698900
80,136,own sorting network,15875931000
80,136,openmp sorting network,9250300
80,136,sequential sorting network,8667300
80,136,std::sort,3442400
90,136,own sorting network,20090290600
90,136,openmp sorting network,11399900
90,136,sequential sorting network,10855200
90,136,std::sort,4292400
100,136,own sorting network,24760998100
100,136,openmp sorting network,13812300
100,136,sequential sorting network,13244900
100,136,std::sort,5265900
10,144,own sorting network,504601900
10,144,openmp sorting network,256800
10,144,sequential sorting network,261200
10,144,std::sort,98700
20,144,own sorting network,1501289300
20,144,openmp sorting network,757100
20,144,sequential sorting network,913000
20,144,std::sort,305200
30,144,own sorting network,2994430000
30,144,openmp sorting network,1518900
30,144,sequential sorting network,1684700
30,144,std::sort,620200
40,144,own sorting network,4954191800
40,144,openmp sorting network,2547700
40,144,sequential sorting network,2728900
40,144,std::sort,1031700
50,144,own sorting network,7383172200
50,144,openmp sorting network,3789200
50,144,sequential sorting network,3982700
50,144,std::sort,1520300
60,144,own sorting network,10228922500
60,144,openmp sorting network,5383200
60,144,sequential sorting network,5558700
60,144,std::sort,2149100
70,144,own sorting network,13576581500
70,144,openmp sorting network,7127700
70,144,sequential sorting network,7386800
70,144,std::sort,2845400
80,144,own sorting network,17432256800
80,144,openmp sorting network,9119400
80,144,sequential sorting network,9389600
80,144,std::sort,3641600
90,144,own sorting network,21768313100
90,144,openmp sorting network,11418100
90,144,sequential sorting network,11664100
90,144,std::sort,4556300
100,144,own sorting network,26698306600
100,144,openmp sorting network,13967600
100,144,sequential sorting network,14232600
100,144,std::sort,5574600
10,152,own sorting network,517026500
10,152,openmp sorting network,286200
10,152,sequential sorting network,283000
10,152,std::sort,114000
20,152,own sorting network,1521480900
20,152,openmp sorting network,843100
20,152,sequential sorting network,846200
20,152,std::sort,355900
30,152,own sorting network,2968499000
30,152,openmp sorting network,1667900
30,152,sequential sorting network,1663600
30,152,std::sort,677400
40,152,own sorting network,5016750200
40,152,openmp sorting network,2759500
40,152,sequential sorting network,2773900
40,152,std::sort,1114100
50,152,own sorting network,7556878100
50,152,openmp sorting network,4133000
50,152,sequential sorting network,4132800
50,152,std::sort,1658300
60,152,own sorting network,10454346000
60,152,openmp sorting network,5844000
60,152,sequential sorting network,5847700
60,152,std::sort,2351000
70,152,own sorting network,13866757400
70,152,openmp sorting network,7848400
70,152,sequential sorting network,7850000
70,152,std::sort,3148500
80,152,own sorting network,17919406800
80,152,openmp sorting network,10041300
80,152,sequential sorting network,10028100
80,152,std::sort,4014800
90,152,own sorting network,22480090100
90,152,openmp sorting network,12485100
90,152,sequential sorting network,12485200
90,152,std::sort,4983600
100,152,own sorting network,27473980100
100,152,openmp sorting network,15185300
100,152,sequential sorting network,15210900
100,152,std::sort,6068700
10,160,own sorting network,538581800
10,160,openmp sorting network,283600
10,160,sequential sorting network,288700
10,160,std::sort,111800
20,160,own sorting network,1638320800
20,160,openmp sorting network,859600
20,160,sequential sorting network,871300
20,160,std::sort,340400
30,160,own sorting network,3268544600
30,160,openmp sorting network,1700300
30,160,sequential sorting network,1749600
30,160,std::sort,674900
40,160,own sorting network,5451248900
40,160,openmp sorting network,2821800
40,160,sequential sorting network,3110700
40,160,std::sort,1118300
50,160,own sorting network,7968584500
50,160,openmp sorting network,4252500
50,160,sequential sorting network,4563000
50,160,std::sort,1694800
60,160,own sorting network,11024242500
60,160,openmp sorting network,5960400
60,160,sequential sorting network,6281000
60,160,std::sort,2402900
70,160,own sorting network,14518302500
70,160,openmp sorting network,8033100
70,160,sequential sorting network,8340900
70,160,std::sort,3225000
80,160,own sorting network,18820940700
80,160,openmp sorting network,10362600
80,160,sequential sorting network,10623600
80,160,std::sort,4147700
90,160,own sorting network,23577193600
90,160,openmp sorting network,12927200
90,160,sequential sorting network,13430400
90,160,std::sort,5171600
100,160,own sorting network,28994609000
100,160,openmp sorting network,15754000
100,160,sequential sorting network,16299500
100,160,std::sort,6312500
10,168,own sorting network,504445200
10,168,openmp sorting network,316900
10,168,sequential sorting network,313000
10,168,std::sort,122900
20,168,own sorting network,1428699100
20,168,openmp sorting network,990000
20,168,sequential sorting network,909000
20,168,std::sort,358100
30,168,own sorting network,2979587100
30,168,openmp sorting network,1902800
30,168,sequential sorting network,1814500
30,168,std::sort,723400
40,168,own sorting network,5038511800
40,168,openmp sorting network,3128300
40,168,sequential sorting network,3063900
40,168,std::sort,1204600
50,168,own sorting network,7432518700
50,168,openmp sorting network,4657800
50,168,sequential sorting network,4568600
50,168,std::sort,1824000
60,168,own sorting network,10340489500
60,168,openmp sorting network,6443500
60,168,sequential sorting network,6323200
60,168,std::sort,2611000
70,168,own sorting network,13949818100
70,168,openmp sorting network,8546200
70,168,sequential sorting network,8453000
70,168,std::sort,3441000
80,168,own sorting network,18301659800
80,168,openmp sorting network,10987500
80,168,sequential sorting network,10923100
80,168,std::sort,4427100
90,168,own sorting network,23385174400
90,168,openmp sorting network,13702600
90,168,sequential sorting network,13605500
90,168,std::sort,5477500
100,168,own sorting network,29039718600
100,168,openmp sorting network,16650100
100,168,sequential sorting network,16564200
100,168,std::sort,6680600
10,176,own sorting network,609554400
10,176,openmp sorting network,376200
10,176,sequential sorting network,312700
10,176,std::sort,125700
20,176,own sorting network,1770352000
20,176,openmp sorting network,1015100
20,176,sequential sorting network,951800
20,176,std::sort,391900
30,176,own sorting network,3553919200
30,176,openmp sorting network,2043000
30,176,sequential sorting network,1913300
30,176,std::sort,776500
40,176,own sorting network,5905783500
40,176,openmp sorting network,3316900
40,176,sequential sorting network,3188900
40,176,std::sort,1297700
50,176,own sorting network,8918063800
50,176,openmp sorting network,4877100
50,176,sequential sorting network,4748900
50,176,std::sort,1927600
60,176,own sorting network,12436663600
60,176,openmp sorting network,6745100
60,176,sequential sorting network,6609100
60,176,std::sort,2677200
70,176,own sorting network,16590579000
70,176,openmp sorting network,8942700
70,176,sequential sorting network,8775200
70,176,std::sort,3552200
80,176,own sorting network,21355607700
80,176,openmp sorting network,11442700
80,176,sequential sorting network,11268300
80,176,std::sort,4577000
90,176,own sorting network,26603225700
90,176,openmp sorting network,14371800
90,176,sequential sorting network,14155200
90,176,std::sort,5729100
100,176,own sorting network,32558446300
100,176,openmp sorting network,17525000
100,176,sequential sorting network,17336600
100,176,std::sort,7003800
10,184,own sorting network,619139900
10,184,openmp sorting network,330600
10,184,sequential sorting network,340300
10,184,std::sort,131400
20,184,own sorting network,1829395200
20,184,openmp sorting network,1028500
20,184,sequential sorting network,1025000
20,184,std::sort,408300
30,184,own sorting network,3700020400
30,184,openmp sorting network,2040400
30,184,sequential sorting network,2032600
30,184,std::sort,818400
40,184,own sorting network,6187623100
40,184,openmp sorting network,3350000
40,184,sequential sorting network,3377500
40,184,std::sort,1343300
50,184,own sorting network,9216010500
50,184,openmp sorting network,5005200
50,184,sequential sorting network,5004200
50,184,std::sort,2005500
60,184,own sorting network,12815838600
60,184,openmp sorting network,7178000
60,184,sequential sorting network,7023700
60,184,std::sort,2817600
70,184,own sorting network,17027351500
70,184,openmp sorting network,9528100
70,184,sequential sorting network,9446700
70,184,std::sort,3771500
80,184,own sorting network,22056857100
80,184,openmp sorting network,12240300
80,184,sequential sorting network,12124900
80,184,std::sort,4879600
90,184,own sorting network,27681802800
90,184,openmp sorting network,15156200
90,184,sequential sorting network,15045600
90,184,std::sort,6065600
100,184,own sorting network,33924271700
100,184,openmp sorting network,18406100
100,184,sequential sorting network,18386600
100,184,std::sort,7379100
10,192,own sorting network,658081800
10,192,openmp sorting network,365500
10,192,sequential sorting network,365500
10,192,std::sort,143100
20,192,own sorting network,1960446300
20,192,openmp sorting network,1063100
20,192,sequential sorting network,1061500
20,192,std::sort,435900
30,192,own sorting network,3902046400
30,192,openmp sorting network,2137200
30,192,sequential sorting network,2144900
30,192,std::sort,859000
40,192,own sorting network,6497423200
40,192,openmp sorting network,3525600
40,192,sequential sorting network,3548000
40,192,std::sort,1418200
50,192,own sorting network,9393652200
50,192,openmp sorting network,5286400
50,192,sequential sorting network,5316200
50,192,std::sort,2119300
60,192,own sorting network,13012650300
60,192,openmp sorting network,7387100
60,192,sequential sorting network,7429000
60,192,std::sort,2972000
70,192,own sorting network,17390364200
70,192,openmp sorting network,9833100
70,192,sequential sorting network,9892100
70,192,std::sort,3964200
80,192,own sorting network,22471129500
80,192,openmp sorting network,12634500
80,192,sequential sorting network,13597800
80,192,std::sort,5123100
90,192,own sorting network,28167388400
90,192,openmp sorting network,15806000
90,192,sequential sorting network,16731200
90,192,std::sort,6404400
100,192,own sorting network,34562627200
100,192,openmp sorting network,19312100
100,192,sequential sorting network,20239300
100,192,std::sort,7845400
10,200,own sorting network,649660300
10,200,openmp sorting network,366600
10,200,sequential sorting network,363300
10,200,std::sort,144900
20,200,own sorting network,1960689800
20,200,openmp sorting network,1118300
20,200,sequential sorting network,1095600
20,200,std::sort,448900
30,200,own sorting network,3838000400
30,200,openmp sorting network,2207000
30,200,sequential sorting network,2180400
30,200,std::sort,892000
40,200,own sorting network,6412013400
40,200,openmp sorting network,3683700
40,200,sequential sorting network,3665400
40,200,std::sort,1493800
50,200,own sorting network,9417331400
50,200,openmp sorting network,5479300
50,200,sequential sorting network,5480400
50,200,std::sort,2235400
60,200,own sorting network,12808686000
60,200,openmp sorting network,7633100
60,200,sequential sorting network,7694900
60,200,std::sort,3103600
70,200,own sorting network,16591381200
70,200,openmp sorting network,10391000
70,200,sequential sorting network,10503000
70,200,std::sort,4198100
80,200,own sorting network,21025731000
80,200,openmp sorting network,13368200
80,200,sequential sorting network,13465900
80,200,std::sort,5378200
90,200,own sorting network,26536436400
90,200,openmp sorting network,16714700
90,200,sequential sorting network,16861300
90,200,std::sort,6709600
100,200,own sorting network,33044801600
100,200,openmp sorting network,20417500
100,200,sequential sorting network,21080800
100,200,std::sort,8205700
10,208,own sorting network,689267600
10,208,openmp sorting network,378600
10,208,sequential sorting network,417900
10,208,std::sort,152200
20,208,own sorting network,2098853300
20,208,openmp sorting network,1181700
20,208,sequential sorting network,1194200
20,208,std::sort,462600
30,208,own sorting network,4140969500
30,208,openmp sorting network,2336200
30,208,sequential sorting network,2361200
30,208,std::sort,963700
40,208,own sorting network,6752184300
40,208,openmp sorting network,3951400
40,208,sequential sorting network,3898300
40,208,std::sort,1576600
50,208,own sorting network,9918356800
50,208,openmp sorting network,5878700
50,208,sequential sorting network,5853200
50,208,std::sort,2405900
60,208,own sorting network,13888460100
60,208,openmp sorting network,8215100
60,208,sequential sorting network,8167500
60,208,std::sort,3377700
70,208,own sorting network,18359920100
70,208,openmp sorting network,10993400
70,208,sequential sorting network,11258100
70,208,std::sort,4516800
80,208,own sorting network,23234867600
80,208,openmp sorting network,14058600
80,208,sequential sorting network,14339600
80,208,std::sort,5758100
90,208,own sorting network,28446693500
90,208,openmp sorting network,17440000
90,208,sequential sorting network,17700100
90,208,std::sort,7122200
100,208,own sorting network,34823832800
100,208,openmp sorting network,21340700
100,208,sequential sorting network,21587000
100,208,std::sort,8677600
10,216,own sorting network,600387200
10,216,openmp sorting network,411800
10,216,sequential sorting network,409300
10,216,std::sort,168800
20,216,own sorting network,1840195400
20,216,openmp sorting network,1217900
20,216,sequential sorting network,1211800
20,216,std::sort,492000
30,216,own sorting network,3877547100
30,216,openmp sorting network,2422600
30,216,sequential sorting network,2405400
30,216,std::sort,977300
40,216,own sorting network,6565960400
40,216,openmp sorting network,3987800
40,216,sequential sorting network,4070500
40,216,std::sort,1620000
50,216,own sorting network,10045636700
50,216,openmp sorting network,5995100
50,216,sequential sorting network,6146700
50,216,std::sort,2422500
60,216,own sorting network,14302777300
60,216,openmp sorting network,8321100
60,216,sequential sorting network,8557000
60,216,std::sort,3403000
70,216,own sorting network,19167525300
70,216,openmp sorting network,11112400
70,216,sequential sorting network,11375300
70,216,std::sort,4532900
80,216,own sorting network,24716889600
80,216,openmp sorting network,14248100
80,216,sequential sorting network,14486800
80,216,std::sort,5830000
90,216,own sorting network,30768533700
90,216,openmp sorting network,17843300
90,216,sequential sorting network,18069600
90,216,std::sort,7294400
100,216,own sorting network,37632284400
100,216,openmp sorting network,21737300
100,216,sequential sorting network,21938700
100,216,std::sort,8871200
10,224,own sorting network,762689900
10,224,openmp sorting network,404600
10,224,sequential sorting network,403700
10,224,std::sort,165700
20,224,own sorting network,2209956800
20,224,openmp sorting network,1347600
20,224,sequential sorting network,1265800
20,224,std::sort,499600
30,224,own sorting network,4378121500
30,224,openmp sorting network,2576800
30,224,sequential sorting network,2498400
30,224,std::sort,1003300
40,224,own sorting network,7185684100
40,224,openmp sorting network,4348700
40,224,sequential sorting network,4212100
40,224,std::sort,1706500
50,224,own sorting network,10736615700
50,224,openmp sorting network,6424300
50,224,sequential sorting network,6298500
50,224,std::sort,2572700
60,224,own sorting network,14804819800
60,224,openmp sorting network,8932400
60,224,sequential sorting network,8790600
60,224,std::sort,3595800
70,224,own sorting network,19196834200
70,224,openmp sorting network,11940700
70,224,sequential sorting network,11738300
70,224,std::sort,4778800
80,224,own sorting network,24321261700
80,224,openmp sorting network,15281700
80,224,sequential sorting network,15052500
80,224,std::sort,6150600
90,224,own sorting network,30702114100
90,224,openmp sorting network,19009000
90,224,sequential sorting network,18843300
90,224,std::sort,7678300
100,224,own sorting network,37664981300
100,224,openmp sorting network,23192400
100,224,sequential sorting network,23014200
100,224,std::sort,9371000
10,232,own sorting network,717558700
10,232,openmp sorting network,451200
10,232,sequential sorting network,436000
10,232,std::sort,185700
20,232,own sorting network,2155068000
20,232,openmp sorting network,1417400
20,232,sequential sorting network,1383700
20,232,std::sort,546400
30,232,own sorting network,4385619400
30,232,openmp sorting network,2786200
30,232,sequential sorting network,2654300
30,232,std::sort,1069500
40,232,own sorting network,7388370200
40,232,openmp sorting network,4574300
40,232,sequential sorting network,4387100
40,232,std::sort,1777000
50,232,own sorting network,11123557800
50,232,openmp sorting network,6745100
50,232,sequential sorting network,6571500
50,232,std::sort,2651800
60,232,own sorting network,15339482800
60,232,openmp sorting network,9739900
60,232,sequential sorting network,9321500
60,232,std::sort,3787000
70,232,own sorting network,20456605400
70,232,openmp sorting network,12899800
70,232,sequential sorting network,12357500
70,232,std::sort,5017700
80,232,own sorting network,26524099400
80,232,openmp sorting network,16286400
80,232,sequential sorting network,15783000
80,232,std::sort,6389400
90,232,own sorting network,33213771300
90,232,openmp sorting network,20199000
90,232,sequential sorting network,19718600
90,232,std::sort,7989100
100,232,own sorting network,39258726700
100,232,openmp sorting network,24658900
100,232,sequential sorting network,24149300
100,232,std::sort,9785800
10,240,own sorting network,601090100
10,240,openmp sorting network,453600
10,240,sequential sorting network,458800
10,240,std::sort,181400
20,240,own sorting network,1770735100
20,240,openmp sorting network,1358700
20,240,sequential sorting network,1360500
20,240,std::sort,549700
30,240,own sorting network,3578227900
30,240,openmp sorting network,2714600
30,240,sequential sorting network,2705800
30,240,std::sort,1099800
40,240,own sorting network,6199507900
40,240,openmp sorting network,4635500
40,240,sequential sorting network,4605900
40,240,std::sort,1871500
50,240,own sorting network,9937164000
50,240,openmp sorting network,6917800
50,240,sequential sorting network,6874700
50,240,std::sort,2796300
60,240,own sorting network,14388439800
60,240,openmp sorting network,9579500
60,240,sequential sorting network,9485700
60,240,std::sort,3867300
70,240,own sorting network,19760017200
70,240,openmp sorting network,12744300
70,240,sequential sorting network,12650200
70,240,std::sort,5145500
80,240,own sorting network,25945667300
80,240,openmp sorting network,16243100
80,240,sequential sorting network,16162500
80,240,std::sort,6580000
90,240,own sorting network,31764956400
90,240,openmp sorting network,20300100
90,240,sequential sorting network,20223800
90,240,std::sort,8192600
100,240,own sorting network,37757071800
100,240,openmp sorting network,24674200
100,240,sequential sorting network,24748100
100,240,std::sort,9995200
10,248,own sorting network,637856400
10,248,openmp sorting network,464400
10,248,sequential sorting network,450100
10,248,std::sort,185800
20,248,own sorting network,1888654100
20,248,openmp sorting network,1458500
20,248,sequential sorting network,1378300
20,248,std::sort,572500
30,248,own sorting network,3670812000
30,248,openmp sorting network,2875100
30,248,sequential sorting network,2777400
30,248,std::sort,1147700
40,248,own sorting network,6686770500
40,248,openmp sorting network,4708000
40,248,sequential sorting network,4596600
40,248,std::sort,1885600
50,248,own sorting network,10617327500
50,248,openmp sorting network,7168700
50,248,sequential sorting network,6919300
50,248,std::sort,2832500
60,248,own sorting network,15365688600
60,248,openmp sorting network,9972600
60,248,sequential sorting network,9724300
60,248,std::sort,3968100
70,248,own sorting network,20735043100
70,248,openmp sorting network,13247300
70,248,sequential sorting network,13006300
70,248,std::sort,5287100
80,248,own sorting network,26711163900
80,248,openmp sorting network,16770300
80,248,sequential sorting network,16480800
80,248,std::sort,6712800
90,248,own sorting network,33388998800
90,248,openmp sorting network,20971400
90,248,sequential sorting network,20732300
90,248,std::sort,8412600
100,248,own sorting network,41167210600
100,248,openmp sorting network,25539400
100,248,sequential sorting network,25422900
100,248,std::sort,10267800
10,256,own sorting network,758920200
10,256,openmp sorting network,476900
10,256,sequential sorting network,586800
10,256,std::sort,192000
20,256,own sorting network,2319450000
20,256,openmp sorting network,1434600
20,256,sequential sorting network,1545000
20,256,std::sort,575800
30,256,own sorting network,4715446400
30,256,openmp sorting network,2878600
30,256,sequential sorting network,2979200
30,256,std::sort,1157000
40,256,own sorting network,7851692000
40,256,openmp sorting network,4845900
40,256,sequential sorting network,4926200
40,256,std::sort,1942800
50,256,own sorting network,11581238600
50,256,openmp sorting network,7199700
50,256,sequential sorting network,7283100
50,256,std::sort,2920500
60,256,own sorting network,16341681700
60,256,openmp sorting network,10110200
60,256,sequential sorting network,10181900
60,256,std::sort,4118200
70,256,own sorting network,21760033100
70,256,openmp sorting network,13737900
70,256,sequential sorting network,13760400
70,256,std::sort,5572400
80,256,own sorting network,28152381800
80,256,openmp sorting network,17605800
80,256,sequential sorting network,17809000
80,256,std::sort,7155100
90,256,own sorting network,35252568100
90,256,openmp sorting network,21976800
90,256,sequential sorting network,22155700
90,256,std::sort,8921200
100,256,own sorting network,41724873100
100,256,openmp sorting network,26809600
100,256,sequential sorting network,27016600
100,256,std::sort,10891900
10,8,own sorting network,5341500
10,8,openmp sorting network,4200
10,8,sequential sorting network,4500
10,8,std::sort,3400
20,8,own sorting network,15937700
20,8,openmp sorting network,11900
20,8,sequential sorting network,11800
20,8,std::sort,9300
30,8,own sorting network,31993700
30,8,openmp sorting network,22300
30,8,sequential sorting network,22800
30,8,std::sort,16700
40,8,own sorting network,52931100
40,8,openmp sorting network,36900
40,8,sequential sorting network,36100
40,8,std::sort,27000
50,8,own sorting network,80748900
50,8,openmp sorting network,60600
50,8,sequential sorting network,58000
50,8,std::sort,43800
60,8,own sorting network,118469600
60,8,openmp sorting network,82300
60,8,sequential sorting network,79600
60,8,std::sort,58500
70,8,own sorting network,159157000
70,8,openmp sorting network,107900
70,8,sequential sorting network,104900
70,8,std::sort,77300
80,8,own sorting network,204589200
80,8,openmp sorting network,137600
80,8,sequential sorting network,134000
80,8,std::sort,97700
90,8,own sorting network,256162900
90,8,openmp sorting network,169400
90,8,sequential sorting network,166500
90,8,std::sort,121200
100,8,own sorting network,312753100
100,8,openmp sorting network,204300
100,8,sequential sorting network,203500
100,8,std::sort,146100
10,16,own sorting network,18284400
10,16,openmp sorting network,12200
10,16,sequential sorting network,11700
10,16,std::sort,6700
20,16,own sorting network,54305100
20,16,openmp sorting network,35200
20,16,sequential sorting network,33400
20,16,std::sort,18900
30,16,own sorting network,108297900
30,16,openmp sorting network,68200
30,16,sequential sorting network,65100
30,16,std::sort,37600
40,16,own sorting network,179938800
40,16,openmp sorting network,111600
40,16,sequential sorting network,107900
40,16,std::sort,61300
50,16,own sorting network,268836200
50,16,openmp sorting network,165000
50,16,sequential sorting network,160500
50,16,std::sort,91300
60,16,own sorting network,375057000
60,16,openmp sorting network,227000
60,16,sequential sorting network,222200
60,16,std::sort,125400
70,16,own sorting network,496686700
70,16,openmp sorting network,297900
70,16,sequential sorting network,291900
70,16,std::sort,165600
80,16,own sorting network,636595600
80,16,openmp sorting network,387400
80,16,sequential sorting network,372300
80,16,std::sort,211100
90,16,own sorting network,794323700
90,16,openmp sorting network,479600
90,16,sequential sorting network,464500
90,16,std::sort,263100
100,16,own sorting network,973315300
100,16,openmp sorting network,583500
100,16,sequential sorting network,567600
100,16,std::sort,321300
10,24,own sorting network,40095800
10,24,openmp sorting network,22500
10,24,sequential sorting network,20900
10,24,std::sort,12500
20,24,own sorting network,120327700
20,24,openmp sorting network,65300
20,24,sequential sorting network,62200
20,24,std::sort,37000
30,24,own sorting network,241023400
30,24,openmp sorting network,127800
30,24,sequential sorting network,122600
30,24,std::sort,72700
40,24,own sorting network,399727600
40,24,openmp sorting network,209300
40,24,sequential sorting network,203900
40,24,std::sort,119700
50,24,own sorting network,602262800
50,24,openmp sorting network,311300
50,24,sequential sorting network,304300
50,24,std::sort,178500
60,24,own sorting network,838812800
60,24,openmp sorting network,429800
60,24,sequential sorting network,422200
60,24,std::sort,245500
70,24,own sorting network,1115540500
70,24,openmp sorting network,573900
70,24,sequential sorting network,556600
70,24,std::sort,322900
80,24,own sorting network,1433124800
80,24,openmp sorting network,747000
80,24,sequential sorting network,715200
80,24,std::sort,415800
90,24,own sorting network,1796677700
90,24,openmp sorting network,929800
90,24,sequential sorting network,899800
90,24,std::sort,523000
100,24,own sorting network,2216010400
100,24,openmp sorting network,1136300
100,24,sequential sorting network,1121000
100,24,std::sort,644600
10,32,own sorting network,55791000
10,32,openmp sorting network,32200
10,32,sequential sorting network,32000
10,32,std::sort,18700
20,32,own sorting network,165979600
20,32,openmp sorting network,121300
20,32,sequential sorting network,93700
20,32,std::sort,54400
30,32,own sorting network,329758900
30,32,openmp sorting network,207500
30,32,sequential sorting network,180000
30,32,std::sort,104800
40,32,own sorting network,537846800
40,32,openmp sorting network,319000
40,32,sequential sorting network,291900
40,32,std::sort,169700
50,32,own sorting network,801722200
50,32,openmp sorting network,467300
50,32,sequential sorting network,441500
50,32,std::sort,257800
60,32,own sorting network,1121310200
60,32,openmp sorting network,637400
60,32,sequential sorting network,611300
60,32,std::sort,357300
70,32,own sorting network,1491553400
70,32,openmp sorting network,837800
70,32,sequential sorting network,829200
70,32,std::sort,471200
80,32,own sorting network,1911369300
80,32,openmp sorting network,1069000
80,32,sequential sorting network,1055100
80,32,std::sort,603900
90,32,own sorting network,2396127000
90,32,openmp sorting network,1326800
90,32,sequential sorting network,1314200
90,32,std::sort,766400
100,32,own sorting network,2919377900
100,32,openmp sorting network,1598300
100,32,sequential sorting network,1586300
100,32,std::sort,926300
10,40,own sorting network,89911800
10,40,openmp sorting network,46700
10,40,sequential sorting network,44400
10,40,std::sort,31500
20,40,own sorting network,271179400
20,40,openmp sorting network,135100
20,40,sequential sorting network,132600
20,40,std::sort,84200
30,40,own sorting network,542822300
30,40,openmp sorting network,268500
30,40,sequential sorting network,261600
30,40,std::sort,157500
40,40,own sorting network,901918900
40,40,openmp sorting network,440100
40,40,sequential sorting network,433600
40,40,std::sort,244600
50,40,own sorting network,1350459900
50,40,openmp sorting network,671200
50,40,sequential sorting network,651200
50,40,std::sort,353900
60,40,own sorting network,1892030600
60,40,openmp sorting network,933600
60,40,sequential sorting network,903100
60,40,std::sort,482800
70,40,own sorting network,2523711600
70,40,openmp sorting network,1256400
70,40,sequential sorting network,1196500
70,40,std::sort,631300
80,40,own sorting network,3249338500
80,40,openmp sorting network,1602300
80,40,sequential sorting network,1539600
80,40,std::sort,818400
90,40,own sorting network,4072333700
90,40,openmp sorting network,1993100
90,40,sequential sorting network,1919500
90,40,std::sort,1008400
100,40,own sorting network,4967098500
100,40,openmp sorting network,2422800
100,40,sequential sorting network,2340000
100,40,std::sort,1230300
10,48,own sorting network,104954500
10,48,openmp sorting network,57800
10,48,sequential sorting network,56400
10,48,std::sort,28200
20,48,own sorting network,319296400
20,48,openmp sorting network,167500
20,48,sequential sorting network,165400
20,48,std::sort,82600
30,48,own sorting network,638136400
30,48,openmp sorting network,332100
30,48,sequential sorting network,329800
30,48,std::sort,165900
40,48,own sorting network,1064283500
40,48,openmp sorting network,558300
40,48,sequential sorting network,544700
40,48,std::sort,273700
50,48,own sorting network,1588573000
50,48,openmp sorting network,820700
50,48,sequential sorting network,807000
50,48,std::sort,408400
60,48,own sorting network,2223190100
60,48,openmp sorting network,1136400
60,48,sequential sorting network,1121700
60,48,std::sort,569300
70,48,own sorting network,2960299400
70,48,openmp sorting network,1514300
70,48,sequential sorting network,1558600
70,48,std::sort,760400
80,48,own sorting network,3806206600
80,48,openmp sorting network,1942500
80,48,sequential sorting network,1976300
80,48,std::sort,979900
90,48,own sorting network,4753103000
90,48,openmp sorting network,2422600
90,48,sequential sorting network,2456700
90,48,std::sort,1219900
100,48,own sorting network,5802308800
100,48,openmp sorting network,2954200
100,48,sequential sorting network,2979100
100,48,std::sort,1493300
10,56,own sorting network,119364500
10,56,openmp sorting network,89800
10,56,sequential sorting network,67800
10,56,std::sort,33100
20,56,own sorting network,357459700
20,56,openmp sorting network,225900
20,56,sequential sorting network,204100
20,56,std::sort,98900
30,56,own sorting network,712068000
30,56,openmp sorting network,417100
30,56,sequential sorting network,398100
30,56,std::sort,196600
40,56,own sorting network,1192278100
40,56,openmp sorting network,670200
40,56,sequential sorting network,660400
40,56,std::sort,326100
50,56,own sorting network,1790949000
50,56,openmp sorting network,1113900
50,56,sequential sorting network,986400
50,56,std::sort,488200
60,56,own sorting network,2496364400
60,56,openmp sorting network,1491500
60,56,sequential sorting network,1373100
60,56,std::sort,680300
70,56,own sorting network,3327197900
70,56,openmp sorting network,1939400
70,56,sequential sorting network,1819800
70,56,std::sort,912100
80,56,own sorting network,4274386300
80,56,openmp sorting network,2461800
80,56,sequential sorting network,2332600
80,56,std::sort,1181800
90,56,own sorting network,5329851500
90,56,openmp sorting network,3039400
90,56,sequential sorting network,2916700
90,56,std::sort,1472900
100,56,own sorting network,6502198000
100,56,openmp sorting network,3677400
100,56,sequential sorting network,3555600
100,56,std::sort,1814400
10,64,own sorting network,130757600
10,64,openmp sorting network,80900
10,64,sequential sorting network,79000
10,64,std::sort,39400
20,64,own sorting network,397126600
20,64,openmp sorting network,235300
20,64,sequential sorting network,240100
20,64,std::sort,116100
30,64,own sorting network,790483700
30,64,openmp sorting network,470600
30,64,sequential sorting network,468100
30,64,std::sort,230200
40,64,own sorting network,1312570300
40,64,openmp sorting network,786100
40,64,sequential sorting network,782700
40,64,std::sort,388200
50,64,own sorting network,1994937800
50,64,openmp sorting network,1179800
50,64,sequential sorting network,1174300
50,64,std::sort,609500
60,64,own sorting network,2792562000
60,64,openmp sorting network,1637800
60,64,sequential sorting network,1627300
60,64,std::sort,836300
70,64,own sorting network,3733048300
70,64,openmp sorting network,2160500
70,64,sequential sorting network,2158100
70,64,std::sort,1100100
80,64,own sorting network,4791085100
80,64,openmp sorting network,2759500
80,64,sequential sorting network,2767800
80,64,std::sort,1400100
90,64,own sorting network,5978990700
90,64,openmp sorting network,3425800
90,64,sequential sorting network,3452800
90,64,std::sort,1744400
100,64,own sorting network,7299005400
100,64,openmp sorting network,4192700
100,64,sequential sorting network,4231400
100,64,std::sort,2129800
10,72,own sorting network,193040700
10,72,openmp sorting network,112600
10,72,sequential sorting network,101800
10,72,std::sort,44900
20,72,own sorting network,584840800
20,72,openmp sorting network,316100
20,72,sequential sorting network,304000
20,72,std::sort,133200
30,72,own sorting network,1171236400
30,72,openmp sorting network,615000
30,72,sequential sorting network,603200
30,72,std::sort,264900
40,72,own sorting network,1962908200
40,72,openmp sorting network,1033800
40,72,sequential sorting network,1032500
40,72,std::sort,449300
50,72,own sorting network,2942727900
50,72,openmp sorting network,1551200
50,72,sequential sorting network,1552200
50,72,std::sort,666600
60,72,own sorting network,4085341500
60,72,openmp sorting network,2159100
60,72,sequential sorting network,2174400
60,72,std::sort,934000
70,72,own sorting network,5397469900
70,72,openmp sorting network,2896500
70,72,sequential sorting network,2881300
70,72,std::sort,1245100
80,72,own sorting network,7022450800
80,72,openmp sorting network,3692300
80,72,sequential sorting network,3682000
80,72,std::sort,1591500
90,72,own sorting network,8884675100
90,72,openmp sorting network,4638300
90,72,sequential sorting network,4635800
90,72,std::sort,2001300
100,72,own sorting network,10952757000
100,72,openmp sorting network,5656300
100,72,sequential sorting network,5624300
100,72,std::sort,2463400
10,80,own sorting network,226030800
10,80,openmp sorting network,117700
10,80,sequential sorting network,115200
10,80,std::sort,50300
20,80,own sorting network,680067200
20,80,openmp sorting network,345600
20,80,sequential sorting network,340500
20,80,std::sort,150100
30,80,own sorting network,1370364300
30,80,openmp sorting network,686100
30,80,sequential sorting network,679700
30,80,std::sort,300500
40,80,own sorting network,2296984100
40,80,openmp sorting network,1126400
40,80,sequential sorting network,1148100
40,80,std::sort,498500
50,80,own sorting network,3443556600
50,80,openmp sorting network,1692500
50,80,sequential sorting network,1704300
50,80,std::sort,755300
60,80,own sorting network,4819954900
60,80,openmp sorting network,2379600
60,80,sequential sorting network,2371400
60,80,std::sort,1063600
70,80,own sorting network,6428995300
70,80,openmp sorting network,3162300
70,80,sequential sorting network,3146600
70,80,std::sort,1434100
80,80,own sorting network,8260962000
80,80,openmp sorting network,4052900
80,80,sequential sorting network,4039200
80,80,std::sort,1825400
90,80,own sorting network,10312057900
90,80,openmp sorting network,5093400
90,80,sequential sorting network,5063000
90,80,std::sort,2268600
100,80,own sorting network,12601501600
100,80,openmp sorting network,6215500
100,80,sequential sorting network,6174800
100,80,std::sort,2761900
10,88,own sorting network,234089700
10,88,openmp sorting network,140900
10,88,sequential sorting network,130400
10,88,std::sort,57100
20,88,own sorting network,698906500
20,88,openmp sorting network,398300
20,88,sequential sorting network,392000
20,88,std::sort,171500
30,88,own sorting network,1453294000
30,88,openmp sorting network,784300
30,88,sequential sorting network,799400
30,88,std::sort,342800
40,88,own sorting network,2466655700
40,88,openmp sorting network,1293100
40,88,sequential sorting network,1318400
40,88,std::sort,593700
50,88,own sorting network,3722989100
50,88,openmp sorting network,1933600
50,88,sequential sorting network,1958900
50,88,std::sort,877600
60,88,own sorting network,5215477500
60,88,openmp sorting network,2705400
60,88,sequential sorting network,2730000
60,88,std::sort,1222300
70,88,own sorting network,6945574900
70,88,openmp sorting network,3610900
70,88,sequential sorting network,3625200
70,88,std::sort,1619100
80,88,own sorting network,8925917200
80,88,openmp sorting network,4621300
80,88,sequential sorting network,4617100
80,88,std::sort,2093300
90,88,own sorting network,11100827200
90,88,openmp sorting network,5882700
90,88,sequential sorting network,5772400
90,88,std::sort,2600100
100,88,own sorting network,13607217000
100,88,openmp sorting network,7153700
100,88,sequential sorting network,7042500
100,88,std::sort,3162400
10,96,own sorting network,279587300
10,96,openmp sorting network,143200
10,96,sequential sorting network,139900
10,96,std::sort,63000
20,96,own sorting network,819637400
20,96,openmp sorting network,428300
20,96,sequential sorting network,421800
20,96,std::sort,190600
30,96,own sorting network,1625251000
30,96,openmp sorting network,839300
30,96,sequential sorting network,838800
30,96,std::sort,374500
40,96,own sorting network,2700075300
40,96,openmp sorting network,1411200
40,96,sequential sorting network,1407600
40,96,std::sort,625300
50,96,own sorting network,4052564400
50,96,openmp sorting network,2087700
50,96,sequential sorting network,2284400
50,96,std::sort,932000
60,96,own sorting network,5683831300
60,96,openmp sorting network,2932700
60,96,sequential sorting network,3140300
60,96,std::sort,1307300
70,96,own sorting network,7574815300
70,96,openmp sorting network,3916100
70,96,sequential sorting network,4130100
70,96,std::sort,1744200
80,96,own sorting network,9753004600
80,96,openmp sorting network,5107000
80,96,sequential sorting network,5306400
80,96,std::sort,2268200
90,96,own sorting network,12239849800
90,96,openmp sorting network,6369300
90,96,sequential sorting network,6588100
90,96,std::sort,2819600
100,96,own sorting network,14979181400
100,96,openmp sorting network,7729600
100,96,sequential sorting network,7958900
100,96,std::sort,3438400
10,104,own sorting network,295635000
10,104,openmp sorting network,157800
10,104,sequential sorting network,154400
10,104,std::sort,69200
20,104,own sorting network,882521800
20,104,openmp sorting network,470000
20,104,sequential sorting network,471700
20,104,std::sort,211000
30,104,own sorting network,1763554300
30,104,openmp sorting network,922200
30,104,sequential sorting network,929300
30,104,std::sort,414500
40,104,own sorting network,2958190900
40,104,openmp sorting network,1525900
40,104,sequential sorting network,1525900
40,104,std::sort,690400
50,104,own sorting network,4423118000
50,104,openmp sorting network,2285700
50,104,sequential sorting network,2269300
50,104,std::sort,1025200
60,104,own sorting network,6172368600
60,104,openmp sorting network,3211800
60,104,sequential sorting network,3190500
60,104,std::sort,1449100
70,104,own sorting network,8242539900
70,104,openmp sorting network,4265600
70,104,sequential sorting network,4248500
70,104,std::sort,1931700
80,104,own sorting network,10588772700
80,104,openmp sorting network,5488400
80,104,sequential sorting network,5446200
80,104,std::sort,2475100
90,104,own sorting network,13195433800
90,104,openmp sorting network,6882600
90,104,sequential sorting network,6795600
90,104,std::sort,3132000
100,104,own sorting network,16131130700
100,104,openmp sorting network,8385700
100,104,sequential sorting network,8287800
100,104,std::sort,3801000
10,112,own sorting network,310310800
10,112,openmp sorting network,172900
10,112,sequential sorting network,170600
10,112,std::sort,77000
20,112,own sorting network,895803600
20,112,openmp sorting network,549300
20,112,sequential sorting network,532100
20,112,std::sort,254700
30,112,own sorting network,1834912800
30,112,openmp sorting network,1045200
30,112,sequential sorting network,1041400
30,112,std::sort,482400
40,112,own sorting network,3091863500
40,112,openmp sorting network,1706000
40,112,sequential sorting network,1704000
40,112,std::sort,794200
50,112,own sorting network,4661876200
50,112,openmp sorting network,2548500
50,112,sequential sorting network,2543600
50,112,std::sort,1178200
60,112,own sorting network,6527795900
60,112,openmp sorting network,3550900
60,112,sequential sorting network,3545700
60,112,std::sort,1626200
70,112,own sorting network,8704796000
70,112,openmp sorting network,4697000
70,112,sequential sorting network,4681900
70,112,std::sort,2134800
80,112,own sorting network,11187364500
80,112,openmp sorting network,6016800
80,112,sequential sorting network,6018100
80,112,std::sort,2728500
90,112,own sorting network,13990857500
90,112,openmp sorting network,7511300
90,112,sequential sorting network,7594000
90,112,std::sort,3416000
100,112,own sorting network,17090262200
100,112,openmp sorting network,9211800
100,112,sequential sorting network,9272600
100,112,std::sort,4163600
10,120,own sorting network,324782300
10,120,openmp sorting network,198400
10,120,sequential sorting network,184800
10,120,std::sort,83400
20,120,own sorting network,982718100
20,120,openmp sorting network,555100
20,120,sequential sorting network,539200
20,120,std::sort,243800
30,120,own sorting network,1962992900
30,120,openmp sorting network,1118900
30,120,sequential sorting network,1076500
30,120,std::sort,491700
40,120,own sorting network,3269767800
40,120,openmp sorting network,1872200
40,120,sequential sorting network,1808800
40,120,std::sort,826700
50,120,own sorting network,4919678100
50,120,openmp sorting network,2787900
50,120,sequential sorting network,2719400
50,120,std::sort,1237400
60,120,own sorting network,6876514300
60,120,openmp sorting network,3872200
60,120,sequential sorting network,3811700
60,120,std::sort,1733900
70,120,own sorting network,9059000000
70,120,openmp sorting network,5171300
70,120,sequential sorting network,5111600
70,120,std::sort,2327500
80,120,own sorting network,11643821800
80,120,openmp sorting network,6579100
80,120,sequential sorting network,6530600
80,120,std::sort,2973500
90,120,own sorting network,14559450400
90,120,openmp sorting network,8169200
90,120,sequential sorting network,8142500
90,120,std::sort,3686200
100,120,own sorting network,17839856700
100,120,openmp sorting network,10030900
100,120,sequential sorting network,10014500
100,120,std::sort,4545800
10,128,own sorting network,358057000
10,128,openmp sorting network,210300
10,128,sequential sorting network,198600
10,128,std::sort,89300
20,128,own sorting network,1058140400
20,128,openmp sorting network,604700
20,128,sequential sorting network,593900
20,128,std::sort,267000
30,128,own sorting network,2064770500
30,128,openmp sorting network,1198700
30,128,sequential sorting network,1179200
30,128,std::sort,540900
40,128,own sorting network,3444184200
40,128,openmp sorting network,1987100
40,128,sequential sorting network,1968500
40,128,std::sort,912900
50,128,own sorting network,5190773600
50,128,openmp sorting network,2971800
50,128,sequential sorting network,2952900
50,128,std::sort,1412800
60,128,own sorting network,7293485600
60,128,openmp sorting network,4120200
60,128,sequential sorting network,4106000
60,128,std::sort,1937700
70,128,own sorting network,9722871300
70,128,openmp sorting network,5499300
70,128,sequential sorting network,5488100
70,128,std::sort,2563500
80,128,own sorting network,12527996700
80,128,openmp sorting network,7024900
80,128,sequential sorting network,7053000
80,128,std::sort,3251200
90,128,own sorting network,15706605800
90,128,openmp sorting network,8741200
90,128,sequential sorting network,8793900
90,128,std::sort,4082400
100,128,own sorting network,19200776000
100,128,openmp sorting network,10806300
100,128,sequential sorting network,10862500
100,128,std::sort,5035100
10,136,own sorting network,480167400
10,136,openmp sorting network,254600
10,136,sequential sorting network,262600
10,136,std::sort,98300
20,136,own sorting network,1400248500
20,136,openmp sorting network,795300
20,136,sequential sorting network,752900
20,136,std::sort,302400
30,136,own sorting network,2820468500
30,136,openmp sorting network,1512100
30,136,sequential sorting network,1495100
30,136,std::sort,596800
40,136,own sorting network,4812296100
40,136,openmp sorting network,2519100
40,136,sequential sorting network,2462500
40,136,std::sort,975200
50,136,own sorting network,7127124300
50,136,openmp sorting network,3789800
50,136,sequential sorting network,3729100
50,136,std::sort,1480900
60,136,own sorting network,10006417100
60,136,openmp sorting network,5377800
60,136,sequential sorting network,5188200
60,136,std::sort,2052100
70,136,own sorting network,13295129600
70,136,openmp sorting network,7023600
70,136,sequential sorting network,6830800
70,136,std::sort,2697700
80,136,own sorting network,17119025200
80,136,openmp sorting network,8992400
80,136,sequential sorting network,8787800
80,136,std::sort,3454600
90,136,own sorting network,21356364600
90,136,openmp sorting network,11180600
90,136,sequential sorting network,11014700
90,136,std::sort,4307200
100,136,own sorting network,26044938400
100,136,openmp sorting network,13956700
100,136,sequential sorting network,13956600
100,136,std::sort,5389400
10,144,own sorting network,405872600
10,144,openmp sorting network,261300
10,144,sequential sorting network,266900
10,144,std::sort,102400
20,144,own sorting network,1221802600
20,144,openmp sorting network,817400
20,144,sequential sorting network,803200
20,144,std::sort,313100
30,144,own sorting network,2492864800
30,144,openmp sorting network,1609400
30,144,sequential sorting network,1601300
30,144,std::sort,616200
40,144,own sorting network,4157076400
40,144,openmp sorting network,2696800
40,144,sequential sorting network,2672300
40,144,std::sort,1042600
50,144,own sorting network,6315514200
50,144,openmp sorting network,4005200
50,144,sequential sorting network,4010200
50,144,std::sort,1559400
60,144,own sorting network,8858744100
60,144,openmp sorting network,5534500
60,144,sequential sorting network,5576200
60,144,std::sort,2168600
70,144,own sorting network,11875896800
70,144,openmp sorting network,7290400
70,144,sequential sorting network,7321100
70,144,std::sort,2885900
80,144,own sorting network,15273985200
80,144,openmp sorting network,9405100
80,144,sequential sorting network,9417000
80,144,std::sort,3716800
90,144,own sorting network,19525017700
90,144,openmp sorting network,11716300
90,144,sequential sorting network,11724500
90,144,std::sort,4635300
100,144,own sorting network,24476581600
100,144,openmp sorting network,14268900
100,144,sequential sorting network,14268900
100,144,std::sort,5645600
10,152,own sorting network,528969500
10,152,openmp sorting network,270500
10,152,sequential sorting network,266600
10,152,std::sort,114600
20,152,own sorting network,1539105200
20,152,openmp sorting network,853000
20,152,sequential sorting network,835500
20,152,std::sort,351300
30,152,own sorting network,3097654600
30,152,openmp sorting network,1650900
30,152,sequential sorting network,1644700
30,152,std::sort,674600
40,152,own sorting network,5196211900
40,152,openmp sorting network,2736800
40,152,sequential sorting network,2747500
40,152,std::sort,1113100
50,152,own sorting network,7742859100
50,152,openmp sorting network,4064100
50,152,sequential sorting network,4100100
50,152,std::sort,1639800
60,152,own sorting network,10965308200
60,152,openmp sorting network,5661600
60,152,sequential sorting network,5687500
60,152,std::sort,2273700
70,152,own sorting network,14242778300
70,152,openmp sorting network,7504100
70,152,sequential sorting network,7558900
70,152,std::sort,3012700
80,152,own sorting network,18321166000
80,152,openmp sorting network,9617400
80,152,sequential sorting network,9671700
80,152,std::sort,3855700
90,152,own sorting network,22935670500
90,152,openmp sorting network,12046500
90,152,sequential sorting network,12108900
90,152,std::sort,4858000
100,152,own sorting network,28096747700
100,152,openmp sorting network,14681500
100,152,sequential sorting network,14759900
100,152,std::sort,5909500
10,160,own sorting network,511598500
10,160,openmp sorting network,282000
10,160,sequential sorting network,277200
10,160,std::sort,113000
20,160,own sorting network,1596416700
20,160,openmp sorting network,839500
20,160,sequential sorting network,847600
20,160,std::sort,338400
30,160,own sorting network,3178223300
30,160,openmp sorting network,1735200
30,160,sequential sorting network,1708700
30,160,std::sort,681600
40,160,own sorting network,5307650900
40,160,openmp sorting network,2876700
40,160,sequential sorting network,2858200
40,160,std::sort,1125900
50,160,own sorting network,7980360300
50,160,openmp sorting network,4271500
50,160,sequential sorting network,4273800
50,160,std::sort,1695900
60,160,own sorting network,11119751100
60,160,openmp sorting network,5982600
60,160,sequential sorting network,6002800
60,160,std::sort,2385900
70,160,own sorting network,14327547000
70,160,openmp sorting network,8041800
70,160,sequential sorting network,8037900
70,160,std::sort,3210100
80,160,own sorting network,18007559500
80,160,openmp sorting network,10317600
80,160,sequential sorting network,10408100
80,160,std::sort,4128700
90,160,own sorting network,22210366900
90,160,openmp sorting network,12885100
90,160,sequential sorting network,12977000
90,160,std::sort,5154600
100,160,own sorting network,26826480200
100,160,openmp sorting network,15740300
100,160,sequential sorting network,15752700
100,160,std::sort,6271800
10,168,own sorting network,540719800
10,168,openmp sorting network,307900
10,168,sequential sorting network,316100
10,168,std::sort,121900
20,168,own sorting network,1722140400
20,168,openmp sorting network,906800
20,168,sequential sorting network,963400
20,168,std::sort,408200
30,168,own sorting network,3396701100
30,168,openmp sorting network,1799700
30,168,sequential sorting network,1887800
30,168,std::sort,763200
40,168,own sorting network,5644534100
40,168,openmp sorting network,3022500
40,168,sequential sorting network,3102300
40,168,std::sort,1250700
50,168,own sorting network,8557728300
50,168,openmp sorting network,4501800
50,168,sequential sorting network,4606400
50,168,std::sort,1851800
60,168,own sorting network,11972060900
60,168,openmp sorting network,6275600
60,168,sequential sorting network,6402100
60,168,std::sort,2553900
70,168,own sorting network,15926388500
70,168,openmp sorting network,8531800
70,168,sequential sorting network,8665500
70,168,std::sort,3447100
80,168,own sorting network,20440414700
80,168,openmp sorting network,10952100
80,168,sequential sorting network,11103300
80,168,std::sort,4418400
90,168,own sorting network,25582320700
90,168,openmp sorting network,13671000
90,168,sequential sorting network,13768000
90,168,std::sort,5488500
100,168,own sorting network,31210707000
100,168,openmp sorting network,16624200
100,168,sequential sorting network,16728700
100,168,std::sort,6664500
10,176,own sorting network,525796200
10,176,openmp sorting network,314900
10,176,sequential sorting network,319300
10,176,std::sort,125900
20,176,own sorting network,1553033300
20,176,openmp sorting network,960300
20,176,sequential sorting network,976500
20,176,std::sort,381900
30,176,own sorting network,3096426200
30,176,openmp sorting network,1921500
30,176,sequential sorting network,1933300
30,176,std::sort,766000
40,176,own sorting network,5133325100
40,176,openmp sorting network,3169600
40,176,sequential sorting network,3172200
40,176,std::sort,1271200
50,176,own sorting network,7672761000
50,176,openmp sorting network,4764600
50,176,sequential sorting network,4758600
50,176,std::sort,1912500
60,176,own sorting network,10709406100
60,176,openmp sorting network,6668400
60,176,sequential sorting network,6696000
60,176,std::sort,2682700
70,176,own sorting network,14609595300
70,176,openmp sorting network,8902800
70,176,sequential sorting network,8941600
70,176,std::sort,3581700
80,176,own sorting network,19119926200
80,176,openmp sorting network,11534500
80,176,sequential sorting network,11576200
80,176,std::sort,4650200
90,176,own sorting network,24128639500
90,176,openmp sorting network,14398700
90,176,sequential sorting network,14441000
90,176,std::sort,5795900
100,176,own sorting network,30077069600
100,176,openmp sorting network,17531900
100,176,sequential sorting network,17529500
100,176,std::sort,7051700
10,184,own sorting network,605839800
10,184,openmp sorting network,331700
10,184,sequential sorting network,338100
10,184,std::sort,131200
20,184,own sorting network,1847860600
20,184,openmp sorting network,989100
20,184,sequential sorting network,1008800
20,184,std::sort,419900
30,184,own sorting network,3657184000
30,184,openmp sorting network,2004300
30,184,sequential sorting network,2016600
30,184,std::sort,831900
40,184,own sorting network,6133454300
40,184,openmp sorting network,3339700
40,184,sequential sorting network,3347000
40,184,std::sort,1352800
50,184,own sorting network,9159852300
50,184,openmp sorting network,4911800
50,184,sequential sorting network,4915100
50,184,std::sort,1981700
60,184,own sorting network,12747932000
60,184,openmp sorting network,6867400
60,184,sequential sorting network,6861300
60,184,std::sort,2771100
70,184,own sorting network,16957717500
70,184,openmp sorting network,9171600
70,184,sequential sorting network,9153400
70,184,std::sort,3690700
80,184,own sorting network,21727482700
80,184,openmp sorting network,11804300
80,184,sequential sorting network,11759500
80,184,std::sort,4776000
90,184,own sorting network,27242084500
90,184,openmp sorting network,14814800
90,184,sequential sorting network,14809000
90,184,std::sort,6000900
100,184,own sorting network,33407031600
100,184,openmp sorting network,18708400
100,184,sequential sorting network,18143400
100,184,std::sort,7343700
10,192,own sorting network,633659400
10,192,openmp sorting network,362900
10,192,sequential sorting network,351500
10,192,std::sort,154400
20,192,own sorting network,1851208000
20,192,openmp sorting network,1076000
20,192,sequential sorting network,1060800
20,192,std::sort,439600
30,192,own sorting network,3506539500
30,192,openmp sorting network,2175500
30,192,sequential sorting network,2124700
30,192,std::sort,863500
40,192,own sorting network,5670359100
40,192,openmp sorting network,3587200
40,192,sequential sorting network,3548200
40,192,std::sort,1435700
50,192,own sorting network,8439531000
50,192,openmp sorting network,5339000
50,192,sequential sorting network,5307900
50,192,std::sort,2151100
60,192,own sorting network,12093551800
60,192,openmp sorting network,7457500
60,192,sequential sorting network,7398300
60,192,std::sort,2997900
70,192,own sorting network,16277456600
70,192,openmp sorting network,9928000
70,192,sequential sorting network,9851900
70,192,std::sort,3990400
80,192,own sorting network,21351958100
80,192,openmp sorting network,12658500
80,192,sequential sorting network,12567100
80,192,std::sort,5104200
90,192,own sorting network,27197862300
90,192,openmp sorting network,15705400
90,192,sequential sorting network,15966800
90,192,std::sort,6346500
100,192,own sorting network,33594582400
100,192,openmp sorting network,19311600
100,192,sequential sorting network,19553100
100,192,std::sort,7828700
10,200,own sorting network,654300800
10,200,openmp sorting network,361800
10,200,sequential sorting network,358700
10,200,std::sort,146000
20,200,own sorting network,1985155900
20,200,openmp sorting network,1111700
20,200,sequential sorting network,1119400
20,200,std::sort,441500
30,200,own sorting network,3884363600
30,200,openmp sorting network,2416700
30,200,sequential sorting network,2309500
30,200,std::sort,932700
40,200,own sorting network,6714186900
40,200,openmp sorting network,3858100
40,200,sequential sorting network,3857300
40,200,std::sort,1521800
50,200,own sorting network,9507294400
50,200,openmp sorting network,5754400
50,200,sequential sorting network,5774800
50,200,std::sort,2306600
60,200,own sorting network,12894089000
60,200,openmp sorting network,7953000
60,200,sequential sorting network,8025800
60,200,std::sort,3200200
70,200,own sorting network,17128109000
70,200,openmp sorting network,10511100
70,200,sequential sorting network,10636700
70,200,std::sort,4222400
80,200,own sorting network,21534615300
80,200,openmp sorting network,13383900
80,200,sequential sorting network,13518900
80,200,std::sort,5381700
90,200,own sorting network,26326184400
90,200,openmp sorting network,16703400
90,200,sequential sorting network,16852800
90,200,std::sort,6715100
100,200,own sorting network,32181172500
100,200,openmp sorting network,20603000
100,200,sequential sorting network,20796400
100,200,std::sort,8278100
10,208,own sorting network,621533300
10,208,openmp sorting network,388200
10,208,sequential sorting network,381500
10,208,std::sort,154900
20,208,own sorting network,1814188400
20,208,openmp sorting network,1202700
20,208,sequential sorting network,1170900
20,208,std::sort,473500
30,208,own sorting network,3574067400
30,208,openmp sorting network,2381500
30,208,sequential sorting network,2321500
30,208,std::sort,940500
40,208,own sorting network,5734317500
40,208,openmp sorting network,3908600
40,208,sequential sorting network,3859900
40,208,std::sort,1569100
50,208,own sorting network,8355063000
50,208,openmp sorting network,6020200
50,208,sequential sorting network,5946800
50,208,std::sort,2418200
60,208,own sorting network,11564165700
60,208,openmp sorting network,8453300
60,208,sequential sorting network,8316200
60,208,std::sort,3374400
70,208,own sorting network,16208651900
70,208,openmp sorting network,11065100
70,208,sequential sorting network,10950100
70,208,std::sort,4435300
80,208,own sorting network,21467047500
80,208,openmp sorting network,14136000
80,208,sequential sorting network,14004600
80,208,std::sort,5679900
90,208,own sorting network,27752258200
90,208,openmp sorting network,17793400
90,208,sequential sorting network,17392800
90,208,std::sort,7053500
100,208,own sorting network,34576239900
100,208,openmp sorting network,21643000
100,208,sequential sorting network,21221500
100,208,std::sort,8603200
10,216,own sorting network,677697700
10,216,openmp sorting network,405500
10,216,sequential sorting network,412300
10,216,std::sort,164400
20,216,own sorting network,2136987100
20,216,openmp sorting network,1199900
20,216,sequential sorting network,1200000
20,216,std::sort,489700
30,216,own sorting network,4196314300
30,216,openmp sorting network,2396000
30,216,sequential sorting network,2396100
30,216,std::sort,973900
40,216,own sorting network,7040573400
40,216,openmp sorting network,3987700
40,216,sequential sorting network,4018900
40,216,std::sort,1629600
50,216,own sorting network,10489584700
50,216,openmp sorting network,5963000
50,216,sequential sorting network,5990500
50,216,std::sort,2425800
60,216,own sorting network,14771441500
60,216,openmp sorting network,8389800
60,216,sequential sorting network,8355000
60,216,std::sort,3372400
70,216,own sorting network,19680347000
70,216,openmp sorting network,11301400
70,216,sequential sorting network,11259300
70,216,std::sort,4544900
80,216,own sorting network,25259605900
80,216,openmp sorting network,14506200
80,216,sequential sorting network,14430000
80,216,std::sort,5810300
90,216,own sorting network,31330799300
90,216,openmp sorting network,18223400
90,216,sequential sorting network,18024600
90,216,std::sort,7283000
100,216,own sorting network,38360086600
100,216,openmp sorting network,22137200
100,216,sequential sorting network,21929100
100,216,std::sort,8863200
10,224,own sorting network,703658000
10,224,openmp sorting network,409000
10,224,sequential sorting network,407300
10,224,std::sort,165500
20,224,own sorting network,2193254300
20,224,openmp sorting network,1226100
20,224,sequential sorting network,1243300
20,224,std::sort,496600
30,224,own sorting network,4377221800
30,224,openmp sorting network,2471900
30,224,sequential sorting network,2485300
30,224,std::sort,1009300
40,224,own sorting network,7099411400
40,224,openmp sorting network,4132800
40,224,sequential sorting network,4150400
40,224,std::sort,1691600
50,224,own sorting network,9983863600
50,224,openmp sorting network,6212700
50,224,sequential sorting network,6240900
50,224,std::sort,2541000
60,224,own sorting network,13386688800
60,224,openmp sorting network,8817500
60,224,sequential sorting network,8801200
60,224,std::sort,3579400
70,224,own sorting network,17407837300
70,224,openmp sorting network,11654800
70,224,sequential sorting network,11640000
70,224,std::sort,4746700
80,224,own sorting network,22882956500
80,224,openmp sorting network,14920700
80,224,sequential sorting network,15098800
80,224,std::sort,6072800
90,224,own sorting network,29003070700
90,224,openmp sorting network,18876600
90,224,sequential sorting network,19040700
90,224,std::sort,7674900
100,224,own sorting network,36115946900
100,224,openmp sorting network,23161900
100,224,sequential sorting network,23116200
100,224,std::sort,9312700
10,232,own sorting network,758197600
10,232,openmp sorting network,428200
10,232,sequential sorting network,435000
10,232,std::sort,171200
20,232,own sorting network,2268313900
20,232,openmp sorting network,1315000
20,232,sequential sorting network,1311000
20,232,std::sort,524900
30,232,own sorting network,4479153900
30,232,openmp sorting network,2608400
30,232,sequential sorting network,2610100
30,232,std::sort,1082400
40,232,own sorting network,7403630200
40,232,openmp sorting network,4362200
40,232,sequential sorting network,4345200
40,232,std::sort,1793100
50,232,own sorting network,10683630900
50,232,openmp sorting network,6548500
50,232,sequential sorting network,6531200
50,232,std::sort,2670700
60,232,own sorting network,14095334500
60,232,openmp sorting network,9188700
60,232,sequential sorting network,9263100
60,232,std::sort,3727400
70,232,own sorting network,19022322900
70,232,openmp sorting network,12235900
70,232,sequential sorting network,12288500
70,232,std::sort,4955800
80,232,own sorting network,24803919900
80,232,openmp sorting network,15736300
80,232,sequential sorting network,15777800
80,232,std::sort,6378100
90,232,own sorting network,31015485500
90,232,openmp sorting network,19636200
90,232,sequential sorting network,19706900
90,232,std::sort,7960900
100,232,own sorting network,37101427500
100,232,openmp sorting network,23988200
100,232,sequential sorting network,24014600
100,232,std::sort,9722900
10,240,own sorting network,653125400
10,240,openmp sorting network,451200
10,240,sequential sorting network,477900
10,240,std::sort,184100
20,240,own sorting network,1964998200
20,240,openmp sorting network,1363500
20,240,sequential sorting network,1409200
20,240,std::sort,547900
30,240,own sorting network,3821289200
30,240,openmp sorting network,2765800
30,240,sequential sorting network,2834500
30,240,std::sort,1106400
40,240,own sorting network,6695031500
40,240,openmp sorting network,4525500
40,240,sequential sorting network,4596700
40,240,std::sort,1844900
50,240,own sorting network,10447187200
50,240,openmp sorting network,6745400
50,240,sequential sorting network,6787700
50,240,std::sort,2732700
60,240,own sorting network,14971385500
60,240,openmp sorting network,9385700
60,240,sequential sorting network,9451600
60,240,std::sort,3825800
70,240,own sorting network,20226163000
70,240,openmp sorting network,12450100
70,240,sequential sorting network,12603700
70,240,std::sort,5074000
80,240,own sorting network,26433262300
80,240,openmp sorting network,15991700
80,240,sequential sorting network,16115000
80,240,std::sort,6500400
90,240,own sorting network,33463012000
90,240,openmp sorting network,19926200
90,240,sequential sorting network,20085900
90,240,std::sort,8127100
100,240,own sorting network,40644428900
100,240,openmp sorting network,24426000
100,240,sequential sorting network,24618600
100,240,std::sort,9958400
10,248,own sorting network,793110200
10,248,openmp sorting network,510700
10,248,sequential sorting network,487600
10,248,std::sort,195000
20,248,own sorting network,2438656000
20,248,openmp sorting network,1455300
20,248,sequential sorting network,1425900
20,248,std::sort,573200
30,248,own sorting network,4822773200
30,248,openmp sorting network,2825000
30,248,sequential sorting network,2791600
30,248,std::sort,1152700
40,248,own sorting network,7966735900
40,248,openmp sorting network,4689400
40,248,sequential sorting network,4678300
40,248,std::sort,1908000
50,248,own sorting network,11961483700
50,248,openmp sorting network,7110600
50,248,sequential sorting network,6941400
50,248,std::sort,2828800
60,248,own sorting network,16718890600
60,248,openmp sorting network,10256000
60,248,sequential sorting network,9781700
60,248,std::sort,3974400
70,248,own sorting network,22275360400
70,248,openmp sorting network,13527400
70,248,sequential sorting network,13050700
70,248,std::sort,5298300
80,248,own sorting network,28561286800
80,248,openmp sorting network,17177600
80,248,sequential sorting network,16723700
80,248,std::sort,6801000
90,248,own sorting network,35366008200
90,248,openmp sorting network,22472800
90,248,sequential sorting network,21338500
90,248,std::sort,8654000
100,248,own sorting network,43081069200
100,248,openmp sorting network,27071600
100,248,sequential sorting network,25941600
100,248,std::sort,10496200
10,256,own sorting network,758637500
10,256,openmp sorting network,475300
10,256,sequential sorting network,472100
10,256,std::sort,192900
20,256,own sorting network,2377415900
20,256,openmp sorting network,1448400
20,256,sequential sorting network,1429400
20,256,std::sort,575200
30,256,own sorting network,4705289900
30,256,openmp sorting network,2876100
30,256,sequential sorting network,2844000
30,256,std::sort,1155500
40,256,own sorting network,7175466500
40,256,openmp sorting network,4880100
40,256,sequential sorting network,4813500
40,256,std::sort,1947000
50,256,own sorting network,10262639700
50,256,openmp sorting network,7300300
50,256,sequential sorting network,7319300
50,256,std::sort,2928100
60,256,own sorting network,14029238600
60,256,openmp sorting network,10260500
60,256,sequential sorting network,10262300
60,256,std::sort,4118600
70,256,own sorting network,18107407400
70,256,openmp sorting network,13661500
70,256,sequential sorting network,13666200
70,256,std::sort,5492400
80,256,own sorting network,23481827600
80,256,openmp sorting network,17433000
80,256,sequential sorting network,17479800
80,256,std::sort,7059200
90,256,own sorting network,30442704800
90,256,openmp sorting network,21822900
90,256,sequential sorting network,21916400
90,256,std::sort,8822500
100,256,own sorting network,36640722500
100,256,openmp sorting network,26714000
100,256,sequential sorting network,26796700
100,256,std::sort,10768300
10,8,own sorting network,5138900
10,8,openmp sorting network,4200
10,8,sequential sorting network,4000
10,8,std::sort,3000
20,8,own sorting network,15628000
20,8,openmp sorting network,12000
20,8,sequential sorting network,12400
20,8,std::sort,8400
30,8,own sorting network,31332000
30,8,openmp sorting network,22600
30,8,sequential sorting network,23100
30,8,std::sort,16000
40,8,own sorting network,52514200
40,8,openmp sorting network,37300
40,8,sequential sorting network,38200
40,8,std::sort,25600
50,8,own sorting network,79012900
50,8,openmp sorting network,54600
50,8,sequential sorting network,55200
50,8,std::sort,38700
60,8,own sorting network,110591000
60,8,openmp sorting network,75100
60,8,sequential sorting network,75900
60,8,std::sort,54100
70,8,own sorting network,147369900
70,8,openmp sorting network,98500
70,8,sequential sorting network,99300
70,8,std::sort,71200
80,8,own sorting network,189254300
80,8,openmp sorting network,125800
80,8,sequential sorting network,126200
80,8,std::sort,91100
90,8,own sorting network,236875600
90,8,openmp sorting network,155200
90,8,sequential sorting network,156200
90,8,std::sort,113100
100,8,own sorting network,288898800
100,8,openmp sorting network,189800
100,8,sequential sorting network,188900
100,8,std::sort,135700
10,16,own sorting network,16905200
10,16,openmp sorting network,11300
10,16,sequential sorting network,11400
10,16,std::sort,6200
20,16,own sorting network,51085300
20,16,openmp sorting network,32900
20,16,sequential sorting network,33100
20,16,std::sort,18400
30,16,own sorting network,103019700
30,16,openmp sorting network,64800
30,16,sequential sorting network,63900
30,16,std::sort,35800
40,16,own sorting network,173344800
40,16,openmp sorting network,108500
40,16,sequential sorting network,106900
40,16,std::sort,66700
50,16,own sorting network,262477500
50,16,openmp sorting network,159900
50,16,sequential sorting network,157200
50,16,std::sort,95600
60,16,own sorting network,366565600
60,16,openmp sorting network,220500
60,16,sequential sorting network,217400
60,16,std::sort,129800
70,16,own sorting network,491610900
70,16,openmp sorting network,294000
70,16,sequential sorting network,290600
70,16,std::sort,171000
80,16,own sorting network,634193600
80,16,openmp sorting network,377400
80,16,sequential sorting network,374800
80,16,std::sort,218900
90,16,own sorting network,797079000
90,16,openmp sorting network,473200
90,16,sequential sorting network,470800
90,16,std::sort,272500
100,16,own sorting network,981939200
100,16,openmp sorting network,578700
100,16,sequential sorting network,577100
100,16,std::sort,332200
10,24,own sorting network,40782800
10,24,openmp sorting network,22400
10,24,sequential sorting network,21400
10,24,std::sort,12900
20,24,own sorting network,120143800
20,24,openmp sorting network,64400
20,24,sequential sorting network,62300
20,24,std::sort,36800
30,24,own sorting network,237683600
30,24,openmp sorting network,124700
30,24,sequential sorting network,123000
30,24,std::sort,72300
40,24,own sorting network,396244500
40,24,openmp sorting network,205000
40,24,sequential sorting network,202000
40,24,std::sort,118200
50,24,own sorting network,588870500
50,24,openmp sorting network,304300
50,24,sequential sorting network,301300
50,24,std::sort,176000
60,24,own sorting network,825213200
60,24,openmp sorting network,423100
60,24,sequential sorting network,420200
60,24,std::sort,244900
70,24,own sorting network,1098379100
70,24,openmp sorting network,564400
70,24,sequential sorting network,560900
70,24,std::sort,332500
80,24,own sorting network,1409231600
80,24,openmp sorting network,722700
80,24,sequential sorting network,718600
80,24,std::sort,424500
90,24,own sorting network,1762581100
90,24,openmp sorting network,899300
90,24,sequential sorting network,895700
90,24,std::sort,529300
100,24,own sorting network,2152587300
100,24,openmp sorting network,1095000
100,24,sequential sorting network,1098700
100,24,std::sort,643500
10,32,own sorting network,52604200
10,32,openmp sorting network,30500
10,32,sequential sorting network,30500
10,32,std::sort,69400
20,32,own sorting network,154726100
20,32,openmp sorting network,87600
20,32,sequential sorting network,87200
20,32,std::sort,102400
30,32,own sorting network,306613700
30,32,openmp sorting network,174800
30,32,sequential sorting network,177700
30,32,std::sort,154500
40,32,own sorting network,513981000
40,32,openmp sorting network,286500
40,32,sequential sorting network,290600
40,32,std::sort,222300
50,32,own sorting network,775496200
50,32,openmp sorting network,428900
50,32,sequential sorting network,434200
50,32,std::sort,305500
60,32,own sorting network,1086512900
60,32,openmp sorting network,598200
60,32,sequential sorting network,616200
60,32,std::sort,405400
70,32,own sorting network,1444546600
70,32,openmp sorting network,796700
70,32,sequential sorting network,814600
70,32,std::sort,521600
80,32,own sorting network,1859551300
80,32,openmp sorting network,1040600
80,32,sequential sorting network,1039100
80,32,std::sort,654200
90,32,own sorting network,2326494500
90,32,openmp sorting network,1284700
90,32,sequential sorting network,1300100
90,32,std::sort,798400
100,32,own sorting network,2843709900
100,32,openmp sorting network,1564200
100,32,sequential sorting network,1589000
100,32,std::sort,963300
10,40,own sorting network,92847900
10,40,openmp sorting network,48300
10,40,sequential sorting network,46500
10,40,std::sort,22400
20,40,own sorting network,273182800
20,40,openmp sorting network,138500
20,40,sequential sorting network,137000
20,40,std::sort,67800
30,40,own sorting network,544744500
30,40,openmp sorting network,271200
30,40,sequential sorting network,279800
30,40,std::sort,134900
40,40,own sorting network,908878600
40,40,openmp sorting network,469400
40,40,sequential sorting network,456700
40,40,std::sort,221500
50,40,own sorting network,1359913600
50,40,openmp sorting network,680600
50,40,sequential sorting network,674500
50,40,std::sort,339500
60,40,own sorting network,1903215700
60,40,openmp sorting network,934200
60,40,sequential sorting network,948900
60,40,std::sort,467500
70,40,own sorting network,2529558800
70,40,openmp sorting network,1239500
70,40,sequential sorting network,1261500
70,40,std::sort,620600
80,40,own sorting network,3251817200
80,40,openmp sorting network,1582500
80,40,sequential sorting network,1607500
80,40,std::sort,795500
90,40,own sorting network,4062678300
90,40,openmp sorting network,1970300
90,40,sequential sorting network,2007600
90,40,std::sort,992000
100,40,own sorting network,4958613100
100,40,openmp sorting network,2423900
100,40,sequential sorting network,2473900
100,40,std::sort,1225000
10,48,own sorting network,111654000
10,48,openmp sorting network,60400
10,48,sequential sorting network,59100
10,48,std::sort,29200
20,48,own sorting network,329738500
20,48,openmp sorting network,173300
20,48,sequential sorting network,173300
20,48,std::sort,85500
30,48,own sorting network,653615000
30,48,openmp sorting network,332900
30,48,sequential sorting network,334500
30,48,std::sort,166900
40,48,own sorting network,1082734000
40,48,openmp sorting network,546400
40,48,sequential sorting network,550300
40,48,std::sort,274900
50,48,own sorting network,1622917800
50,48,openmp sorting network,816200
50,48,sequential sorting network,830900
50,48,std::sort,411100
60,48,own sorting network,2268879000
60,48,openmp sorting network,1152400
60,48,sequential sorting network,1150600
60,48,std::sort,571200
70,48,own sorting network,3019437700
70,48,openmp sorting network,1528000
70,48,sequential sorting network,1520200
70,48,std::sort,766400
80,48,own sorting network,3882286300
80,48,openmp sorting network,1958300
80,48,sequential sorting network,1961900
80,48,std::sort,983700
90,48,own sorting network,4856035800
90,48,openmp sorting network,2478300
90,48,sequential sorting network,2482500
90,48,std::sort,1239900
100,48,own sorting network,5939980500
100,48,openmp sorting network,3014300
100,48,sequential sorting network,3033200
100,48,std::sort,1511600
10,56,own sorting network,121484900
10,56,openmp sorting network,70100
10,56,sequential sorting network,68600
10,56,std::sort,34400
20,56,own sorting network,367342500
20,56,openmp sorting network,199600
20,56,sequential sorting network,198300
20,56,std::sort,99700
30,56,own sorting network,739445200
30,56,openmp sorting network,391300
30,56,sequential sorting network,390800
30,56,std::sort,197500
40,56,own sorting network,1237058500
40,56,openmp sorting network,652800
40,56,sequential sorting network,651300
40,56,std::sort,331100
50,56,own sorting network,1856747600
50,56,openmp sorting network,999600
50,56,sequential sorting network,968500
50,56,std::sort,499900
60,56,own sorting network,2598779100
60,56,openmp sorting network,1387600
60,56,sequential sorting network,1347900
60,56,std::sort,724200
70,56,own sorting network,3469362700
70,56,openmp sorting network,1839000
70,56,sequential sorting network,1811800
70,56,std::sort,954300
80,56,own sorting network,4460026000
80,56,openmp sorting network,2345500
80,56,sequential sorting network,2325800
80,56,std::sort,1208700
90,56,own sorting network,5588336000
90,56,openmp sorting network,2942800
90,56,sequential sorting network,2925100
90,56,std::sort,1520400
100,56,own sorting network,6815341400
100,56,openmp sorting network,3600700
100,56,sequential sorting network,3580600
100,56,std::sort,1849100
10,64,own sorting network,140028400
10,64,openmp sorting network,80100
10,64,sequential sorting network,78300
10,64,std::sort,38800
20,64,own sorting network,418006000
20,64,openmp sorting network,283700
20,64,sequential sorting network,230800
20,64,std::sort,116300
30,64,own sorting network,836279100
30,64,openmp sorting network,519200
30,64,sequential sorting network,464700
30,64,std::sort,234100
40,64,own sorting network,1398162600
40,64,openmp sorting network,831900
40,64,sequential sorting network,814700
40,64,std::sort,389300
50,64,own sorting network,2099597900
50,64,openmp sorting network,1212400
50,64,sequential sorting network,1206000
50,64,std::sort,583400
60,64,own sorting network,2950999400
60,64,openmp sorting network,1694100
60,64,sequential sorting network,1665100
60,64,std::sort,819300
70,64,own sorting network,3917594700
70,64,openmp sorting network,2214800
70,64,sequential sorting network,2198000
70,64,std::sort,1081100
80,64,own sorting network,5029870900
80,64,openmp sorting network,2812900
80,64,sequential sorting network,2805200
80,64,std::sort,1382900
90,64,own sorting network,6280864800
90,64,openmp sorting network,3505900
90,64,sequential sorting network,3501500
90,64,std::sort,1738000
100,64,own sorting network,7675049000
100,64,openmp sorting network,4271200
100,64,sequential sorting network,4269500
100,64,std::sort,2123200
10,72,own sorting network,212742900
10,72,openmp sorting network,107000
10,72,sequential sorting network,103700
10,72,std::sort,45000
20,72,own sorting network,623631500
20,72,openmp sorting network,363000
20,72,sequential sorting network,313400
20,72,std::sort,134800
30,72,own sorting network,1249322500
30,72,openmp sorting network,673800
30,72,sequential sorting network,630300
30,72,std::sort,270300
40,72,own sorting network,2080946600
40,72,openmp sorting network,1086600
40,72,sequential sorting network,1039800
40,72,std::sort,449500
50,72,own sorting network,3137080600
50,72,openmp sorting network,1620200
50,72,sequential sorting network,1561900
50,72,std::sort,675700
60,72,own sorting network,4400722400
60,72,openmp sorting network,2252000
60,72,sequential sorting network,2191700
60,72,std::sort,972500
70,72,own sorting network,5846190600
70,72,openmp sorting network,2975800
70,72,sequential sorting network,2927500
70,72,std::sort,1281800
80,72,own sorting network,7481860000
80,72,openmp sorting network,3800500
80,72,sequential sorting network,3747300
80,72,std::sort,1634700
90,72,own sorting network,9337491200
90,72,openmp sorting network,4713300
90,72,sequential sorting network,4661400
90,72,std::sort,2054500
100,72,own sorting network,11392792800
100,72,openmp sorting network,5741300
100,72,sequential sorting network,5686400
100,72,std::sort,2508200
10,80,own sorting network,225544500
10,80,openmp sorting network,120900
10,80,sequential sorting network,118400
10,80,std::sort,52000
20,80,own sorting network,684603900
20,80,openmp sorting network,364900
20,80,sequential sorting network,349700
20,80,std::sort,155100
30,80,own sorting network,1374243300
30,80,openmp sorting network,708100
30,80,sequential sorting network,696600
30,80,std::sort,308400
40,80,own sorting network,2296289800
40,80,openmp sorting network,1167500
40,80,sequential sorting network,1155900
40,80,std::sort,512900
50,80,own sorting network,3455393000
50,80,openmp sorting network,1736200
50,80,sequential sorting network,1722500
50,80,std::sort,771700
60,80,own sorting network,4833310400
60,80,openmp sorting network,2414800
60,80,sequential sorting network,2407000
60,80,std::sort,1074400
70,80,own sorting network,6425743000
70,80,openmp sorting network,3199000
70,80,sequential sorting network,3188900
70,80,std::sort,1419800
80,80,own sorting network,8214383300
80,80,openmp sorting network,4667300
80,80,sequential sorting network,4329400
80,80,std::sort,1854500
90,80,own sorting network,10278411600
90,80,openmp sorting network,5672900
90,80,sequential sorting network,5359600
90,80,std::sort,2303700
100,80,own sorting network,12576448200
100,80,openmp sorting network,6787100
100,80,sequential sorting network,6472400
100,80,std::sort,2801000
10,88,own sorting network,249783500
10,88,openmp sorting network,133500
10,88,sequential sorting network,131400
10,88,std::sort,58600
20,88,own sorting network,755604500
20,88,openmp sorting network,396000
20,88,sequential sorting network,382700
20,88,std::sort,169500
30,88,own sorting network,1533348100
30,88,openmp sorting network,779300
30,88,sequential sorting network,771600
30,88,std::sort,341100
40,88,own sorting network,2539911700
40,88,openmp sorting network,1298100
40,88,sequential sorting network,1279100
40,88,std::sort,567200
50,88,own sorting network,3786044700
50,88,openmp sorting network,1944100
50,88,sequential sorting network,1907700
50,88,std::sort,850500
60,88,own sorting network,5288223100
60,88,openmp sorting network,2747200
60,88,sequential sorting network,2674800
60,88,std::sort,1190200
70,88,own sorting network,7027648900
70,88,openmp sorting network,3621800
70,88,sequential sorting network,3553900
70,88,std::sort,1576300
80,88,own sorting network,9014231200
80,88,openmp sorting network,4647400
80,88,sequential sorting network,4577600
80,88,std::sort,2024600
90,88,own sorting network,11238381200
90,88,openmp sorting network,5828400
90,88,sequential sorting network,5693000
90,88,std::sort,2523200
100,88,own sorting network,13721593200
100,88,openmp sorting network,7100500
100,88,sequential sorting network,6928100
100,88,std::sort,3072500
10,96,own sorting network,273752300
10,96,openmp sorting network,144500
10,96,sequential sorting network,140500
10,96,std::sort,63800
20,96,own sorting network,821669700
20,96,openmp sorting network,424000
20,96,sequential sorting network,416900
20,96,std::sort,187000
30,96,own sorting network,1643701500
30,96,openmp sorting network,844700
30,96,sequential sorting network,825400
30,96,std::sort,371400
40,96,own sorting network,2735141300
40,96,openmp sorting network,1424900
40,96,sequential sorting network,1397000
40,96,std::sort,641100
50,96,own sorting network,4117487700
50,96,openmp sorting network,2144000
50,96,sequential sorting network,2100400
50,96,std::sort,965000
60,96,own sorting network,5746950100
60,96,openmp sorting network,2988300
60,96,sequential sorting network,2944200
60,96,std::sort,1350700
70,96,own sorting network,7642922900
70,96,openmp sorting network,3948800
70,96,sequential sorting network,3919800
70,96,std::sort,1786200
80,96,own sorting network,9843104600
80,96,openmp sorting network,5046400
80,96,sequential sorting network,5020800
80,96,std::sort,2272700
90,96,own sorting network,12317405500
90,96,openmp sorting network,6290900
90,96,sequential sorting network,6252100
90,96,std::sort,2855300
100,96,own sorting network,15065947700
100,96,openmp sorting network,7707700
100,96,sequential sorting network,7649100
100,96,std::sort,3484800
10,104,own sorting network,285461400
10,104,openmp sorting network,157100
10,104,sequential sorting network,167200
10,104,std::sort,69600
20,104,own sorting network,867001500
20,104,openmp sorting network,462900
20,104,sequential sorting network,470100
20,104,std::sort,214100
30,104,own sorting network,1739844000
30,104,openmp sorting network,930900
30,104,sequential sorting network,966600
30,104,std::sort,423900
40,104,own sorting network,2922672000
40,104,openmp sorting network,1541600
40,104,sequential sorting network,1574300
40,104,std::sort,694000
50,104,own sorting network,4358508000
50,104,openmp sorting network,2302100
50,104,sequential sorting network,2327600
50,104,std::sort,1029600
60,104,own sorting network,6086540200
60,104,openmp sorting network,3203700
60,104,sequential sorting network,3230900
60,104,std::sort,1440200
70,104,own sorting network,8010434400
70,104,openmp sorting network,4266100
70,104,sequential sorting network,4282900
70,104,std::sort,1915900
80,104,own sorting network,10155092400
80,104,openmp sorting network,5558600
80,104,sequential sorting network,5655900
80,104,std::sort,2500200
90,104,own sorting network,12580736300
90,104,openmp sorting network,6935500
90,104,sequential sorting network,7036500
90,104,std::sort,3135200
100,104,own sorting network,15256849400
100,104,openmp sorting network,8432800
100,104,sequential sorting network,8550400
100,104,std::sort,3842400
10,112,own sorting network,293108800
10,112,openmp sorting network,170100
10,112,sequential sorting network,174000
10,112,std::sort,74800
20,112,own sorting network,877154500
20,112,openmp sorting network,522300
20,112,sequential sorting network,500000
20,112,std::sort,222700
30,112,own sorting network,1730371000
30,112,openmp sorting network,1037400
30,112,sequential sorting network,1022700
30,112,std::sort,461400
40,112,own sorting network,2877833600
40,112,openmp sorting network,1711400
40,112,sequential sorting network,1695700
40,112,std::sort,763300
50,112,own sorting network,4281440800
50,112,openmp sorting network,2520400
50,112,sequential sorting network,2513000
50,112,std::sort,1136400
60,112,own sorting network,5964794800
60,112,openmp sorting network,3616300
60,112,sequential sorting network,3599100
60,112,std::sort,1649500
70,112,own sorting network,7959772200
70,112,openmp sorting network,4787500
70,112,sequential sorting network,4791500
70,112,std::sort,2172300
80,112,own sorting network,10349751200
80,112,openmp sorting network,6117300
80,112,sequential sorting network,6125300
80,112,std::sort,2778600
90,112,own sorting network,13129242000
90,112,openmp sorting network,7612500
90,112,sequential sorting network,7598000
90,112,std::sort,3445900
100,112,own sorting network,16228918900
100,112,openmp sorting network,9266500
100,112,sequential sorting network,9221400
100,112,std::sort,4185000
10,120,own sorting network,329753700
10,120,openmp sorting network,187200
10,120,sequential sorting network,192800
10,120,std::sort,83600
20,120,own sorting network,993504500
20,120,openmp sorting network,551400
20,120,sequential sorting network,560700
20,120,std::sort,247200
30,120,own sorting network,1965195500
30,120,openmp sorting network,1082200
30,120,sequential sorting network,1100000
30,120,std::sort,484200
40,120,own sorting network,3269146300
40,120,openmp sorting network,1814200
40,120,sequential sorting network,1836400
40,120,std::sort,809900
50,120,own sorting network,4840299000
50,120,openmp sorting network,2723100
50,120,sequential sorting network,2755700
50,120,std::sort,1226700
60,120,own sorting network,6775486900
60,120,openmp sorting network,3877500
60,120,sequential sorting network,3883300
60,120,std::sort,1738300
70,120,own sorting network,9056231000
70,120,openmp sorting network,5094900
70,120,sequential sorting network,5120100
70,120,std::sort,2302100
80,120,own sorting network,11663182700
80,120,openmp sorting network,6553600
80,120,sequential sorting network,6567400
80,120,std::sort,2948200
90,120,own sorting network,14611786300
90,120,openmp sorting network,8144400
90,120,sequential sorting network,8199200
90,120,std::sort,3687900
100,120,own sorting network,17803137200
100,120,openmp sorting network,10076500
100,120,sequential sorting network,10109900
100,120,std::sort,4549000
10,128,own sorting network,336643000
10,128,openmp sorting network,234400
10,128,sequential sorting network,208800
10,128,std::sort,95700
20,128,own sorting network,1052622900
20,128,openmp sorting network,616300
20,128,sequential sorting network,588900
20,128,std::sort,267600
30,128,own sorting network,2089821600
30,128,openmp sorting network,1195900
30,128,sequential sorting network,1188700
30,128,std::sort,524900
40,128,own sorting network,3447651700
40,128,openmp sorting network,1988500
40,128,sequential sorting network,1958200
40,128,std::sort,875800
50,128,own sorting network,5039776500
50,128,openmp sorting network,2947200
50,128,sequential sorting network,2908200
50,128,std::sort,1304800
60,128,own sorting network,6885702900
60,128,openmp sorting network,4120900
60,128,sequential sorting network,4064800
60,128,std::sort,1824500
70,128,own sorting network,9071336500
70,128,openmp sorting network,5548700
70,128,sequential sorting network,5478400
70,128,std::sort,2461300
80,128,own sorting network,11668147200
80,128,openmp sorting network,7180900
80,128,sequential sorting network,7011100
80,128,std::sort,3171900
90,128,own sorting network,14761785100
90,128,openmp sorting network,9247900
90,128,sequential sorting network,9033100
90,128,std::sort,4080300
100,128,own sorting network,18182016500
100,128,openmp sorting network,11168100
100,128,sequential sorting network,10946800
100,128,std::sort,4943300
10,136,own sorting network,448337800
10,136,openmp sorting network,238800
10,136,sequential sorting network,237000
10,136,std::sort,93700
20,136,own sorting network,1353187500
20,136,openmp sorting network,701300
20,136,sequential sorting network,700800
20,136,std::sort,277600
30,136,own sorting network,2737795700
30,136,openmp sorting network,1427900
30,136,sequential sorting network,1427800
30,136,std::sort,562100
40,136,own sorting network,4511997500
40,136,openmp sorting network,2420900
40,136,sequential sorting network,2394200
40,136,std::sort,948300
50,136,own sorting network,6821260000
50,136,openmp sorting network,4002600
50,136,sequential sorting network,3628700
50,136,std::sort,1418400
60,136,own sorting network,9624227800
60,136,openmp sorting network,5512300
60,136,sequential sorting network,5123900
60,136,std::sort,1994100
70,136,own sorting network,12912672100
70,136,openmp sorting network,7172200
70,136,sequential sorting network,6788800
70,136,std::sort,2681600
80,136,own sorting network,16730635300
80,136,openmp sorting network,9128200
80,136,sequential sorting network,8699500
80,136,std::sort,3420400
90,136,own sorting network,20670841500
90,136,openmp sorting network,11233400
90,136,sequential sorting network,10817000
90,136,std::sort,4257500
100,136,own sorting network,25423937400
100,136,openmp sorting network,13620000
100,136,sequential sorting network,13275500
100,136,std::sort,5209600
10,144,own sorting network,488200800
10,144,openmp sorting network,262800
10,144,sequential sorting network,250000
10,144,std::sort,99100
20,144,own sorting network,1447738400
20,144,openmp sorting network,804400
20,144,sequential sorting network,797000
20,144,std::sort,309500
30,144,own sorting network,2850800000
30,144,openmp sorting network,1602900
30,144,sequential sorting network,1545900
30,144,std::sort,604100
40,144,own sorting network,4848821800
40,144,openmp sorting network,2622800
40,144,sequential sorting network,2544700
40,144,std::sort,998200
50,144,own sorting network,7315917900
50,144,openmp sorting network,3898500
50,144,sequential sorting network,3827600
50,144,std::sort,1503300
60,144,own sorting network,10279932700
60,144,openmp sorting network,5456600
60,144,sequential sorting network,5370500
60,144,std::sort,2112200
70,144,own sorting network,13727384300
70,144,openmp sorting network,7237500
70,144,sequential sorting network,7192900
70,144,std::sort,2821200
80,144,own sorting network,17656929100
80,144,openmp sorting network,9290600
80,144,sequential sorting network,9249100
80,144,std::sort,3633300
90,144,own sorting network,22058144700
90,144,openmp sorting network,11601900
90,144,sequential sorting network,11632600
90,144,std::sort,4545400
100,144,own sorting network,27001865600
100,144,openmp sorting network,14130100
100,144,sequential sorting network,14104700
100,144,std::sort,5536600
10,152,own sorting network,503524000
10,152,openmp sorting network,278200
10,152,sequential sorting network,274900
10,152,std::sort,108400
20,152,own sorting network,1539947200
20,152,openmp sorting network,833200
20,152,sequential sorting network,846600
20,152,std::sort,322500
30,152,own sorting network,3075903800
30,152,openmp sorting network,1634600
30,152,sequential sorting network,1644100
30,152,std::sort,643300
40,152,own sorting network,5001645800
40,152,openmp sorting network,2694400
40,152,sequential sorting network,2700600
40,152,std::sort,1068500
50,152,own sorting network,7051104400
50,152,openmp sorting network,4076000
50,152,sequential sorting network,4116000
50,152,std::sort,1631100
60,152,own sorting network,9685551800
60,152,openmp sorting network,5695600
60,152,sequential sorting network,5762200
60,152,std::sort,2281500
70,152,own sorting network,12687203200
70,152,openmp sorting network,7561900
70,152,sequential sorting network,7613100
70,152,std::sort,3019300
80,152,own sorting network,16251302100
80,152,openmp sorting network,9779000
80,152,sequential sorting network,9766700
80,152,std::sort,3884700
90,152,own sorting network,20837481000
90,152,openmp sorting network,12210900
90,152,sequential sorting network,12244800
90,152,std::sort,4855300
100,152,own sorting network,26052350000
100,152,openmp sorting network,14938400
100,152,sequential sorting network,14976800
100,152,std::sort,5933300
10,160,own sorting network,525853300
10,160,openmp sorting network,288900
10,160,sequential sorting network,293100
10,160,std::sort,114700
20,160,own sorting network,1530501500
20,160,openmp sorting network,842400
20,160,sequential sorting network,855000
20,160,std::sort,337700
30,160,own sorting network,2888281300
30,160,openmp sorting network,1727900
30,160,sequential sorting network,1710100
30,160,std::sort,677200
40,160,own sorting network,4643089000
40,160,openmp sorting network,2870100
40,160,sequential sorting network,2849900
40,160,std::sort,1139100
50,160,own sorting network,6888646700
50,160,openmp sorting network,4307800
50,160,sequential sorting network,4270400
50,160,std::sort,1717400
60,160,own sorting network,9537816400
60,160,openmp sorting network,6038400
60,160,sequential sorting network,5976400
60,160,std::sort,2405900
70,160,own sorting network,12629389200
70,160,openmp sorting network,8000900
70,160,sequential sorting network,7912600
70,160,std::sort,3193300
80,160,own sorting network,16249524700
80,160,openmp sorting network,10480000
80,160,sequential sorting network,10230900
80,160,std::sort,4102100
90,160,own sorting network,20400037000
90,160,openmp sorting network,13007800
90,160,sequential sorting network,12733700
90,160,std::sort,5103500
100,160,own sorting network,24983891700
100,160,openmp sorting network,15866200
100,160,sequential sorting network,15605700
100,160,std::sort,6246400
10,168,own sorting network,497952400
10,168,openmp sorting network,302900
10,168,sequential sorting network,296600
10,168,std::sort,120000
20,168,own sorting network,1506647900
20,168,openmp sorting network,984400
20,168,sequential sorting network,913000
20,168,std::sort,360600
30,168,own sorting network,3231624000
30,168,openmp sorting network,1920400
30,168,sequential sorting network,1846000
30,168,std::sort,733000
40,168,own sorting network,5392010200
40,168,openmp sorting network,3220500
40,168,sequential sorting network,3118800
40,168,std::sort,1254600
50,168,own sorting network,8144426100
50,168,openmp sorting network,4740200
50,168,sequential sorting network,4655000
50,168,std::sort,1863700
60,168,own sorting network,11546672800
60,168,openmp sorting network,6557900
60,168,sequential sorting network,6454600
60,168,std::sort,2593800
70,168,own sorting network,15270160300
70,168,openmp sorting network,8654900
70,168,sequential sorting network,8514300
70,168,std::sort,3422600
80,168,own sorting network,19690516000
80,168,openmp sorting network,11155300
80,168,sequential sorting network,10985400
80,168,std::sort,4422700
90,168,own sorting network,24650478000
90,168,openmp sorting network,13831600
90,168,sequential sorting network,13816500
90,168,std::sort,5583700
100,168,own sorting network,30227181600
100,168,openmp sorting network,16803500
100,168,sequential sorting network,16762300
100,168,std::sort,6768400
10,176,own sorting network,511850500
10,176,openmp sorting network,354300
10,176,sequential sorting network,360300
10,176,std::sort,140200
20,176,own sorting network,1720684800
20,176,openmp sorting network,1007800
20,176,sequential sorting network,1022700
20,176,std::sort,409900
30,176,own sorting network,3486990000
30,176,openmp sorting network,1970700
30,176,sequential sorting network,1960800
30,176,std::sort,794100
40,176,own sorting network,5888059600
40,176,openmp sorting network,3239300
40,176,sequential sorting network,3226400
40,176,std::sort,1312700
50,176,own sorting network,8898451600
50,176,openmp sorting network,4861600
50,176,sequential sorting network,4835900
50,176,std::sort,1932900
60,176,own sorting network,12523085200
60,176,openmp sorting network,6721700
60,176,sequential sorting network,6893800
60,176,std::sort,2685700
70,176,own sorting network,16774928300
70,176,openmp sorting network,8885200
70,176,sequential sorting network,9060000
70,176,std::sort,3564400
80,176,own sorting network,21607371900
80,176,openmp sorting network,11395900
80,176,sequential sorting network,11535300
80,176,std::sort,4569900
90,176,own sorting network,26788266900
90,176,openmp sorting network,14281500
90,176,sequential sorting network,14434900
90,176,std::sort,5717400
100,176,own sorting network,31692374700
100,176,openmp sorting network,17430900
100,176,sequential sorting network,17587200
100,176,std::sort,7017500
10,184,own sorting network,561277000
10,184,openmp sorting network,327400
10,184,sequential sorting network,332700
10,184,std::sort,145700
20,184,own sorting network,1678790300
20,184,openmp sorting network,1006800
20,184,sequential sorting network,998600
20,184,std::sort,421900
30,184,own sorting network,3336211200
30,184,openmp sorting network,2033800
30,184,sequential sorting network,2007200
30,184,std::sort,823700
40,184,own sorting network,5529495800
40,184,openmp sorting network,3375900
40,184,sequential sorting network,3309100
40,184,std::sort,1360200
50,184,own sorting network,8516957100
50,184,openmp sorting network,5047000
50,184,sequential sorting network,4968900
50,184,std::sort,2210600
60,184,own sorting network,12180176100
60,184,openmp sorting network,7076500
60,184,sequential sorting network,6976300
60,184,std::sort,3044400
70,184,own sorting network,16501632800
70,184,openmp sorting network,9505400
70,184,sequential sorting network,9396300
70,184,std::sort,4007700
80,184,own sorting network,21077760300
80,184,openmp sorting network,12445900
80,184,sequential sorting network,12169000
80,184,std::sort,5111500
90,184,own sorting network,25816563300
90,184,openmp sorting network,15512700
90,184,sequential sorting network,15275400
90,184,std::sort,6348000
100,184,own sorting network,31241230100
100,184,openmp sorting network,18795400
100,184,sequential sorting network,18514000
100,184,std::sort,7657800
10,192,own sorting network,489296400
10,192,openmp sorting network,401500
10,192,sequential sorting network,380100
10,192,std::sort,147300
20,192,own sorting network,1525358300
20,192,openmp sorting network,1127400
20,192,sequential sorting network,1104500
20,192,std::sort,437300
30,192,own sorting network,3045677600
30,192,openmp sorting network,2191200
30,192,sequential sorting network,2158800
30,192,std::sort,857400
40,192,own sorting network,5133690900
40,192,openmp sorting network,3621300
40,192,sequential sorting network,3593100
40,192,std::sort,1441900
50,192,own sorting network,7903727400
50,192,openmp sorting network,5371100
50,192,sequential sorting network,5338500
50,192,std::sort,2173500
60,192,own sorting network,11210401400
60,192,openmp sorting network,7506600
60,192,sequential sorting network,7392100
60,192,std::sort,3007200
70,192,own sorting network,15081590300
70,192,openmp sorting network,9932600
70,192,sequential sorting network,9774700
70,192,std::sort,3997500
80,192,own sorting network,19570410000
80,192,openmp sorting network,12722700
80,192,sequential sorting network,12498000
80,192,std::sort,5104900
90,192,own sorting network,25051647500
90,192,openmp sorting network,15797300
90,192,sequential sorting network,16117200
90,192,std::sort,6342400
100,192,own sorting network,31324373700
100,192,openmp sorting network,19284600
100,192,sequential sorting network,19524000
100,192,std::sort,7730200
10,200,own sorting network,630316600
10,200,openmp sorting network,363000
10,200,sequential sorting network,376000
10,200,std::sort,145200
20,200,own sorting network,1851737200
20,200,openmp sorting network,1114600
20,200,sequential sorting network,1126600
20,200,std::sort,441500
30,200,own sorting network,3817777600
30,200,openmp sorting network,2219200
30,200,sequential sorting network,2229400
30,200,std::sort,891000
40,200,own sorting network,6455033300
40,200,openmp sorting network,3704000
40,200,sequential sorting network,3709100
40,200,std::sort,1491600
50,200,own sorting network,9664669800
50,200,openmp sorting network,5530100
50,200,sequential sorting network,5529900
50,200,std::sort,2267100
60,200,own sorting network,13607638900
60,200,openmp sorting network,7702900
60,200,sequential sorting network,7742300
60,200,std::sort,3137500
70,200,own sorting network,18099109200
70,200,openmp sorting network,10226900
70,200,sequential sorting network,10312900
70,200,std::sort,4153200
80,200,own sorting network,23220858300
80,200,openmp sorting network,13166800
80,200,sequential sorting network,13354400
80,200,std::sort,5338400
90,200,own sorting network,29019873700
90,200,openmp sorting network,16501600
90,200,sequential sorting network,16592200
90,200,std::sort,6642900
100,200,own sorting network,35507324500
100,200,openmp sorting network,20217300
100,200,sequential sorting network,20190200
100,200,std::sort,8093900
10,208,own sorting network,622710500
10,208,openmp sorting network,399000
10,208,sequential sorting network,386700
10,208,std::sort,167000
20,208,own sorting network,1991295400
20,208,openmp sorting network,1173600
20,208,sequential sorting network,1147400
20,208,std::sort,476800
30,208,own sorting network,4047725100
30,208,openmp sorting network,2332100
30,208,sequential sorting network,2325200
30,208,std::sort,940600
40,208,own sorting network,6609017700
40,208,openmp sorting network,3869700
40,208,sequential sorting network,3825700
40,208,std::sort,1549800
50,208,own sorting network,10014811800
50,208,openmp sorting network,5833400
50,208,sequential sorting network,5696200
50,208,std::sort,2301800
60,208,own sorting network,13997675200
60,208,openmp sorting network,8280300
60,208,sequential sorting network,8098900
60,208,std::sort,3263100
70,208,own sorting network,18641161500
70,208,openmp sorting network,10990600
70,208,sequential sorting network,10741000
70,208,std::sort,4323200
80,208,own sorting network,23865913300
80,208,openmp sorting network,14057300
80,208,sequential sorting network,13840100
80,208,std::sort,5561900
90,208,own sorting network,29949803800
90,208,openmp sorting network,17542700
90,208,sequential sorting network,17760600
90,208,std::sort,6956000
100,208,own sorting network,36693981400
100,208,openmp sorting network,21285500
100,208,sequential sorting network,21515800
100,208,std::sort,8469300
10,216,own sorting network,639155600
10,216,openmp sorting network,392400
10,216,sequential sorting network,390000
10,216,std::sort,158000
20,216,own sorting network,1933555700
20,216,openmp sorting network,1213500
20,216,sequential sorting network,1218900
20,216,std::sort,480400
30,216,own sorting network,3956990800
30,216,openmp sorting network,2417100
30,216,sequential sorting network,2415900
30,216,std::sort,971000
40,216,own sorting network,6677249300
40,216,openmp sorting network,4045500
40,216,sequential sorting network,4056500
40,216,std::sort,1621100
50,216,own sorting network,9963987900
50,216,openmp sorting network,6066800
50,216,sequential sorting network,6160200
50,216,std::sort,2430900
60,216,own sorting network,14094675600
60,216,openmp sorting network,8542400
60,216,sequential sorting network,8596800
60,216,std::sort,3410000
70,216,own sorting network,18998214000
70,216,openmp sorting network,11320200
70,216,sequential sorting network,11353900
70,216,std::sort,4523600
80,216,own sorting network,24556370500
80,216,openmp sorting network,14502300
80,216,sequential sorting network,14548000
80,216,std::sort,5854200
90,216,own sorting network,30902288600
90,216,openmp sorting network,18110200
90,216,sequential sorting network,18130600
90,216,std::sort,7310900
100,216,own sorting network,36850861100
100,216,openmp sorting network,22897100
100,216,sequential sorting network,22933000
100,216,std::sort,9221500
10,224,own sorting network,517068700
10,224,openmp sorting network,501400
10,224,sequential sorting network,498100
10,224,std::sort,197700
20,224,own sorting network,1496151800
20,224,openmp sorting network,1707200
20,224,sequential sorting network,1797100
20,224,std::sort,592300
30,224,own sorting network,2912059700
30,224,openmp sorting network,3188400
30,224,sequential sorting network,3434200
30,224,std::sort,1165400
40,224,own sorting network,5347635500
40,224,openmp sorting network,5073100
40,224,sequential sorting network,5291700
40,224,std::sort,1926900
50,224,own sorting network,8266076200
50,224,openmp sorting network,7579200
50,224,sequential sorting network,7775400
50,224,std::sort,3109000
60,224,own sorting network,11684009500
60,224,openmp sorting network,10293800
60,224,sequential sorting network,10531300
60,224,std::sort,4210700
70,224,own sorting network,15614375300
70,224,openmp sorting network,13351100
70,224,sequential sorting network,13651600
70,224,std::sort,5464100
80,224,own sorting network,20050566000
80,224,openmp sorting network,16690400
80,224,sequential sorting network,16987600
80,224,std::sort,6832000
90,224,own sorting network,25307762500
90,224,openmp sorting network,20435800
90,224,sequential sorting network,20713800
90,224,std::sort,8343100
100,224,own sorting network,30883899000
100,224,openmp sorting network,24582900
100,224,sequential sorting network,24888300
100,224,std::sort,10033700
10,232,own sorting network,620991700
10,232,openmp sorting network,459200
10,232,sequential sorting network,445400
10,232,std::sort,176800
20,232,own sorting network,1857364800
20,232,openmp sorting network,1317300
20,232,sequential sorting network,1296700
20,232,std::sort,519600
30,232,own sorting network,3739139600
30,232,openmp sorting network,2591800
30,232,sequential sorting network,2564600
30,232,std::sort,1063000
40,232,own sorting network,6029861100
40,232,openmp sorting network,4331300
40,232,sequential sorting network,4318600
40,232,std::sort,1775400
50,232,own sorting network,9065428300
50,232,openmp sorting network,6510800
50,232,sequential sorting network,6492600
50,232,std::sort,2656700
60,232,own sorting network,12789446700
60,232,openmp sorting network,9087400
60,232,sequential sorting network,9341400
60,232,std::sort,3686500
70,232,own sorting network,17884734400
70,232,openmp sorting network,12097600
70,232,sequential sorting network,12334000
70,232,std::sort,4887500
80,232,own sorting network,23916853900
80,232,openmp sorting network,15467800
80,232,sequential sorting network,15747300
80,232,std::sort,6263600
90,232,own sorting network,30500588600
90,232,openmp sorting network,19284900
90,232,sequential sorting network,19643100
90,232,std::sort,7813100
100,232,own sorting network,37621303100
100,232,openmp sorting network,24025000
100,232,sequential sorting network,24384600
100,232,std::sort,9728000
10,240,own sorting network,802886400
10,240,openmp sorting network,447100
10,240,sequential sorting network,434900
10,240,std::sort,187800
20,240,own sorting network,2359886200
20,240,openmp sorting network,1349700
20,240,sequential sorting network,1342600
20,240,std::sort,552400
30,240,own sorting network,4612056500
30,240,openmp sorting network,2660100
30,240,sequential sorting network,2669500
30,240,std::sort,1085100
40,240,own sorting network,7637324600
40,240,openmp sorting network,4422000
40,240,sequential sorting network,4418900
40,240,std::sort,1797500
50,240,own sorting network,11043380700
50,240,openmp sorting network,6607900
50,240,sequential sorting network,6613400
50,240,std::sort,2689000
60,240,own sorting network,14845965100
60,240,openmp sorting network,9351500
60,240,sequential sorting network,9304200
60,240,std::sort,3779800
70,240,own sorting network,19060495100
70,240,openmp sorting network,12488800
70,240,sequential sorting network,12450200
70,240,std::sort,5056300
80,240,own sorting network,23950367000
80,240,openmp sorting network,16117000
80,240,sequential sorting network,16043700
80,240,std::sort,6524300
90,240,own sorting network,29569546400
90,240,openmp sorting network,20169000
90,240,sequential sorting network,20040200
90,240,std::sort,8126600
100,240,own sorting network,37089812000
100,240,openmp sorting network,24560100
100,240,sequential sorting network,24422300
100,240,std::sort,9921600
10,248,own sorting network,771196300
10,248,openmp sorting network,469200
10,248,sequential sorting network,483700
10,248,std::sort,189700
20,248,own sorting network,2203288900
20,248,openmp sorting network,1491700
20,248,sequential sorting network,1471500
20,248,std::sort,588100
30,248,own sorting network,4478438900
30,248,openmp sorting network,2852900
30,248,sequential sorting network,2867700
30,248,std::sort,1235700
40,248,own sorting network,7518178100
40,248,openmp sorting network,4687300
40,248,sequential sorting network,4720100
40,248,std::sort,1977200
50,248,own sorting network,10518017900
50,248,openmp sorting network,7050000
50,248,sequential sorting network,7049300
50,248,std::sort,2923500
60,248,own sorting network,13988712200
60,248,openmp sorting network,9879000
60,248,sequential sorting network,9859400
60,248,std::sort,4089200
70,248,own sorting network,18294508500
70,248,openmp sorting network,13158700
70,248,sequential sorting network,13110700
70,248,std::sort,5442400
80,248,own sorting network,23200167300
80,248,openmp sorting network,17066700
80,248,sequential sorting network,17037800
80,248,std::sort,7032800
90,248,own sorting network,28813093500
90,248,openmp sorting network,21259100
90,248,sequential sorting network,21186000
90,248,std::sort,8697900
100,248,own sorting network,36481897900
100,248,openmp sorting network,25875100
100,248,sequential sorting network,25787000
100,248,std::sort,10545900
10,256,own sorting network,736222600
10,256,openmp sorting network,503600
10,256,sequential sorting network,486300
10,256,std::sort,205300
20,256,own sorting network,2316881600
20,256,openmp sorting network,1474600
20,256,sequential sorting network,1435700
20,256,std::sort,587200
30,256,own sorting network,4553220400
30,256,openmp sorting network,2980400
30,256,sequential sorting network,2863500
30,256,std::sort,1160600
40,256,own sorting network,7539406800
40,256,openmp sorting network,4883000
40,256,sequential sorting network,4815500
40,256,std::sort,1932800
50,256,own sorting network,11211707700
50,256,openmp sorting network,7349800
50,256,sequential sorting network,7245500
50,256,std::sort,2922600
60,256,own sorting network,15581409600
60,256,openmp sorting network,10271000
60,256,sequential sorting network,10211000
60,256,std::sort,4100500
70,256,own sorting network,19775210200
70,256,openmp sorting network,13621400
70,256,sequential sorting network,13575000
70,256,std::sort,5438200
80,256,own sorting network,24971732800
80,256,openmp sorting network,17530900
80,256,sequential sorting network,17524400
80,256,std::sort,7000000
90,256,own sorting network,32075680100
90,256,openmp sorting network,21830200
90,256,sequential sorting network,21776500
90,256,std::sort,8727500
100,256,own sorting network,39820271700
100,256,openmp sorting network,26793500
100,256,sequential sorting network,26702500
100,256,std::sort,10670000
10,8,own sorting network,5281000
10,8,openmp sorting network,3800
10,8,sequential sorting network,4000
10,8,std::sort,3000
20,8,own sorting network,16072700
20,8,openmp sorting network,11900
20,8,sequential sorting network,11500
20,8,std::sort,8700
30,8,own sorting network,31712200
30,8,openmp sorting network,22800
30,8,sequential sorting network,22500
30,8,std::sort,16100
40,8,own sorting network,53225800
40,8,openmp sorting network,36800
40,8,sequential sorting network,36700
40,8,std::sort,26100
50,8,own sorting network,79638800
50,8,openmp sorting network,54100
50,8,sequential sorting network,54000
50,8,std::sort,38700
60,8,own sorting network,111449400
60,8,openmp sorting network,75400
60,8,sequential sorting network,74300
60,8,std::sort,53800
70,8,own sorting network,148439300
70,8,openmp sorting network,99100
70,8,sequential sorting network,98100
70,8,std::sort,70500
80,8,own sorting network,190232900
80,8,openmp sorting network,125000
80,8,sequential sorting network,125500
80,8,std::sort,90400
90,8,own sorting network,238749300
90,8,openmp sorting network,155900
90,8,sequential sorting network,155800
90,8,std::sort,112700
100,8,own sorting network,293703000
100,8,openmp sorting network,190000
100,8,sequential sorting network,190100
100,8,std::sort,136500
10,16,own sorting network,18008000
10,16,openmp sorting network,11900
10,16,sequential sorting network,12000
10,16,std::sort,6700
20,16,own sorting network,52955300
20,16,openmp sorting network,33300
20,16,sequential sorting network,32900
20,16,std::sort,19100
30,16,own sorting network,105197600
30,16,openmp sorting network,65000
30,16,sequential sorting network,63800
30,16,std::sort,37100
40,16,own sorting network,174529000
40,16,openmp sorting network,107100
40,16,sequential sorting network,105400
40,16,std::sort,59900
50,16,own sorting network,261386200
50,16,openmp sorting network,158400
50,16,sequential sorting network,156700
50,16,std::sort,88100
60,16,own sorting network,366741800
60,16,openmp sorting network,221900
60,16,sequential sorting network,217500
60,16,std::sort,122600
70,16,own sorting network,489655600
70,16,openmp sorting network,293100
70,16,sequential sorting network,287100
70,16,std::sort,161700
80,16,own sorting network,630299800
80,16,openmp sorting network,374600
80,16,sequential sorting network,369100
80,16,std::sort,206600
90,16,own sorting network,789125400
90,16,openmp sorting network,465100
90,16,sequential sorting network,459900
90,16,std::sort,257200
100,16,own sorting network,965731800
100,16,openmp sorting network,564600
100,16,sequential sorting network,558100
100,16,std::sort,314100
10,24,own sorting network,38978300
10,24,openmp sorting network,22700
10,24,sequential sorting network,21800
10,24,std::sort,12300
20,24,own sorting network,123686500
20,24,openmp sorting network,64500
20,24,sequential sorting network,62800
20,24,std::sort,35500
30,24,own sorting network,240778000
30,24,openmp sorting network,125800
30,24,sequential sorting network,123500
30,24,std::sort,70800
40,24,own sorting network,400476900
40,24,openmp sorting network,234100
40,24,sequential sorting network,207200
40,24,std::sort,118900
50,24,own sorting network,614178900
50,24,openmp sorting network,340600
50,24,sequential sorting network,315400
50,24,std::sort,180800
60,24,own sorting network,876014200
60,24,openmp sorting network,475000
60,24,sequential sorting network,438300
60,24,std::sort,251500
70,24,own sorting network,1169345100
70,24,openmp sorting network,617800
70,24,sequential sorting network,591300
70,24,std::sort,335300
80,24,own sorting network,1487016700
80,24,openmp sorting network,773700
80,24,sequential sorting network,746400
80,24,std::sort,425600
90,24,own sorting network,1840857100
90,24,openmp sorting network,947300
90,24,sequential sorting network,920800
90,24,std::sort,535600
100,24,own sorting network,2251437000
100,24,openmp sorting network,1157300
100,24,sequential sorting network,1131800
100,24,std::sort,657500
10,32,own sorting network,58576500
10,32,openmp sorting network,31900
10,32,sequential sorting network,32900
10,32,std::sort,18600
20,32,own sorting network,173163200
20,32,openmp sorting network,95700
20,32,sequential sorting network,95500
20,32,std::sort,62700
30,32,own sorting network,342424700
30,32,openmp sorting network,184400
30,32,sequential sorting network,186300
30,32,std::sort,115400
40,32,own sorting network,557205400
40,32,openmp sorting network,296200
40,32,sequential sorting network,298700
40,32,std::sort,180700
50,32,own sorting network,816528300
50,32,openmp sorting network,438000
50,32,sequential sorting network,452700
50,32,std::sort,263600
60,32,own sorting network,1132972100
60,32,openmp sorting network,603400
60,32,sequential sorting network,618500
60,32,std::sort,374500
70,32,own sorting network,1494864000
70,32,openmp sorting network,807500
70,32,sequential sorting network,812000
70,32,std::sort,487600
80,32,own sorting network,1911006500
80,32,openmp sorting network,1027500
80,32,sequential sorting network,1033000
80,32,std::sort,616300
90,32,own sorting network,2399136800
90,32,openmp sorting network,1290800
90,32,sequential sorting network,1308800
90,32,std::sort,772600
100,32,own sorting network,2925607000
100,32,openmp sorting network,1573500
100,32,sequential sorting network,1583400
100,32,std::sort,939400
10,40,own sorting network,90091800
10,40,openmp sorting network,47900
10,40,sequential sorting network,46000
10,40,std::sort,22600
20,40,own sorting network,274175500
20,40,openmp sorting network,150300
20,40,sequential sorting network,141200
20,40,std::sort,70700
30,40,own sorting network,561802900
30,40,openmp sorting network,288800
30,40,sequential sorting network,278700
30,40,std::sort,138500
40,40,own sorting network,927595400
40,40,openmp sorting network,461100
40,40,sequential sorting network,453400
40,40,std::sort,225200
50,40,own sorting network,1379262300
50,40,openmp sorting network,672800
50,40,sequential sorting network,675500
50,40,std::sort,332800
60,40,own sorting network,1919916100
60,40,openmp sorting network,928600
60,40,sequential sorting network,932100
60,40,std::sort,469600
70,40,own sorting network,2555463800
70,40,openmp sorting network,1243200
70,40,sequential sorting network,1264600
70,40,std::sort,623000
80,40,own sorting network,3291849000
80,40,openmp sorting network,1600900
80,40,sequential sorting network,1612100
80,40,std::sort,798000
90,40,own sorting network,4116774500
90,40,openmp sorting network,1994900
90,40,sequential sorting network,2033700
90,40,std::sort,998300
100,40,own sorting network,5043762000
100,40,openmp sorting network,2428600
100,40,sequential sorting network,2476900
100,40,std::sort,1215100
10,48,own sorting network,109221300
10,48,openmp sorting network,59100
10,48,sequential sorting network,56200
10,48,std::sort,29000
20,48,own sorting network,331526700
20,48,openmp sorting network,188300
20,48,sequential sorting network,173400
20,48,std::sort,88200
30,48,own sorting network,667792100
30,48,openmp sorting network,356100
30,48,sequential sorting network,339000
30,48,std::sort,172400
40,48,own sorting network,1109320300
40,48,openmp sorting network,567000
40,48,sequential sorting network,547700
40,48,std::sort,288200
50,48,own sorting network,1661473200
50,48,openmp sorting network,838600
50,48,sequential sorting network,817200
50,48,std::sort,433900
60,48,own sorting network,2322412900
60,48,openmp sorting network,1163300
60,48,sequential sorting network,1157900
60,48,std::sort,597600
70,48,own sorting network,3076453600
70,48,openmp sorting network,1549000
70,48,sequential sorting network,1553600
70,48,std::sort,792900
80,48,own sorting network,3956615700
80,48,openmp sorting network,2001500
80,48,sequential sorting network,1991800
80,48,std::sort,1007100
90,48,own sorting network,4936109200
90,48,openmp sorting network,2483600
90,48,sequential sorting network,2501100
90,48,std::sort,1253400
100,48,own sorting network,6028612900
100,48,openmp sorting network,3027600
100,48,sequential sorting network,3033800
100,48,std::sort,1534700
10,56,own sorting network,124719900
10,56,openmp sorting network,70100
10,56,sequential sorting network,68800
10,56,std::sort,34700
20,56,own sorting network,379157400
20,56,openmp sorting network,203800
20,56,sequential sorting network,201800
20,56,std::sort,111600
30,56,own sorting network,756574400
30,56,openmp sorting network,396200
30,56,sequential sorting network,393000
30,56,std::sort,208800
40,56,own sorting network,1263171300
40,56,openmp sorting network,671400
40,56,sequential sorting network,678600
40,56,std::sort,348400
50,56,own sorting network,1916230600
50,56,openmp sorting network,1062200
50,56,sequential sorting network,1022600
50,56,std::sort,533000
60,56,own sorting network,2680123000
60,56,openmp sorting network,1450000
60,56,sequential sorting network,1400700
60,56,std::sort,735100
70,56,own sorting network,3571155100
70,56,openmp sorting network,1913000
70,56,sequential sorting network,1854700
70,56,std::sort,964800
80,56,own sorting network,4585046800
80,56,openmp sorting network,2438300
80,56,sequential sorting network,2369200
80,56,std::sort,1286700
90,56,own sorting network,5703796500
90,56,openmp sorting network,3026800
90,56,sequential sorting network,2947700
90,56,std::sort,1589400
100,56,own sorting network,6967279600
100,56,openmp sorting network,3695000
100,56,sequential sorting network,3602500
100,56,std::sort,1917800
10,64,own sorting network,143100100
10,64,openmp sorting network,80100
10,64,sequential sorting network,86900
10,64,std::sort,39200
20,64,own sorting network,426024200
20,64,openmp sorting network,238400
20,64,sequential sorting network,251600
20,64,std::sort,117400
30,64,own sorting network,832351200
30,64,openmp sorting network,466600
30,64,sequential sorting network,480700
30,64,std::sort,239600
40,64,own sorting network,1363909600
40,64,openmp sorting network,797200
40,64,sequential sorting network,798200
40,64,std::sort,402100
50,64,own sorting network,2028170000
50,64,openmp sorting network,1183900
50,64,sequential sorting network,1187600
50,64,std::sort,595600
60,64,own sorting network,2831632800
60,64,openmp sorting network,1644000
60,64,sequential sorting network,1653900
60,64,std::sort,828900
70,64,own sorting network,3761901800
70,64,openmp sorting network,2213300
70,64,sequential sorting network,2213200
70,64,std::sort,1107700
80,64,own sorting network,4805402300
80,64,openmp sorting network,2817200
80,64,sequential sorting network,2808100
80,64,std::sort,1407100
90,64,own sorting network,5988107500
90,64,openmp sorting network,3553700
90,64,sequential sorting network,3493400
90,64,std::sort,1750900
100,64,own sorting network,7305358900
100,64,openmp sorting network,4349700
100,64,sequential sorting network,4297400
100,64,std::sort,2145200
10,72,own sorting network,198203200
10,72,openmp sorting network,108700
10,72,sequential sorting network,105000
10,72,std::sort,46900
20,72,own sorting network,590419300
20,72,openmp sorting network,313000
20,72,sequential sorting network,306400
20,72,std::sort,134400
30,72,own sorting network,1182138200
30,72,openmp sorting network,635300
30,72,sequential sorting network,606200
30,72,std::sort,264800
40,72,own sorting network,1967037400
40,72,openmp sorting network,1056400
40,72,sequential sorting network,1016400
40,72,std::sort,442200
50,72,own sorting network,2928916100
50,72,openmp sorting network,1553300
50,72,sequential sorting network,1522600
50,72,std::sort,659000
60,72,own sorting network,4092811200
60,72,openmp sorting network,2172900
60,72,sequential sorting network,2141000
60,72,std::sort,928500
70,72,own sorting network,5448303900
70,72,openmp sorting network,2888800
70,72,sequential sorting network,2899800
70,72,std::sort,1239500
80,72,own sorting network,6984138100
80,72,openmp sorting network,3723900
80,72,sequential sorting network,3753700
80,72,std::sort,1592900
90,72,own sorting network,8708987200
90,72,openmp sorting network,4616200
90,72,sequential sorting network,4674700
90,72,std::sort,1980400
100,72,own sorting network,10650923600
100,72,openmp sorting network,5634800
100,72,sequential sorting network,5688000
100,72,std::sort,2421700
10,80,own sorting network,205880100
10,80,openmp sorting network,117600
10,80,sequential sorting network,115500
10,80,std::sort,51300
20,80,own sorting network,628874400
20,80,openmp sorting network,385200
20,80,sequential sorting network,346400
20,80,std::sort,154300
30,80,own sorting network,1266529300
30,80,openmp sorting network,730100
30,80,sequential sorting network,700700
30,80,std::sort,307800
40,80,own sorting network,2099696500
40,80,openmp sorting network,1192600
40,80,sequential sorting network,1181100
40,80,std::sort,510600
50,80,own sorting network,3191702400
50,80,openmp sorting network,1776900
50,80,sequential sorting network,1926000
50,80,std::sort,778200
60,80,own sorting network,4555499600
60,80,openmp sorting network,2469600
60,80,sequential sorting network,2607000
60,80,std::sort,1086800
70,80,own sorting network,6127879200
70,80,openmp sorting network,3314000
70,80,sequential sorting network,3449600
70,80,std::sort,1479600
80,80,own sorting network,7936050600
80,80,openmp sorting network,4204800
80,80,sequential sorting network,4360700
80,80,std::sort,1870800
90,80,own sorting network,9970986300
90,80,openmp sorting network,5208200
90,80,sequential sorting network,5360000
90,80,std::sort,2314200
100,80,own sorting network,12243298500
100,80,openmp sorting network,6347200
100,80,sequential sorting network,6509600
100,80,std::sort,2816800
10,88,own sorting network,254502400
10,88,openmp sorting network,129700
10,88,sequential sorting network,127000
10,88,std::sort,56600
20,88,own sorting network,750484500
20,88,openmp sorting network,430300
20,88,sequential sorting network,398700
20,88,std::sort,168800
30,88,own sorting network,1512582000
30,88,openmp sorting network,813400
30,88,sequential sorting network,810500
30,88,std::sort,339800
40,88,own sorting network,2505555100
40,88,openmp sorting network,1335900
40,88,sequential sorting network,1322200
40,88,std::sort,575100
50,88,own sorting network,3765339100
50,88,openmp sorting network,1976500
50,88,sequential sorting network,1983700
50,88,std::sort,858800
60,88,own sorting network,5282730500
60,88,openmp sorting network,2741500
60,88,sequential sorting network,2774900
60,88,std::sort,1196800
70,88,own sorting network,7014826000
70,88,openmp sorting network,3714200
70,88,sequential sorting network,3725400
70,88,std::sort,1613300
80,88,own sorting network,9033253500
80,88,openmp sorting network,4735300
80,88,sequential sorting network,4746200
80,88,std::sort,2065200
90,88,own sorting network,11273188600
90,88,openmp sorting network,5852400
90,88,sequential sorting network,5892900
90,88,std::sort,2558500
100,88,own sorting network,13778331700
100,88,openmp sorting network,7087000
100,88,sequential sorting network,7265900
100,88,std::sort,3128900
10,96,own sorting network,271657700
10,96,openmp sorting network,155200
10,96,sequential sorting network,143300
10,96,std::sort,64800
20,96,own sorting network,805315300
20,96,openmp sorting network,482900
20,96,sequential sorting network,433000
20,96,std::sort,201100
30,96,own sorting network,1645547800
30,96,openmp sorting network,912100
30,96,sequential sorting network,870900
30,96,std::sort,394900
40,96,own sorting network,2726545300
40,96,openmp sorting network,1492800
40,96,sequential sorting network,1441800
40,96,std::sort,675600
50,96,own sorting network,4074586700
50,96,openmp sorting network,2203600
50,96,sequential sorting network,2136500
50,96,std::sort,988400
60,96,own sorting network,5699648000
60,96,openmp sorting network,3037800
60,96,sequential sorting network,2958800
60,96,std::sort,1356900
70,96,own sorting network,7604934400
70,96,openmp sorting network,4020000
70,96,sequential sorting network,3925800
70,96,std::sort,1784000
80,96,own sorting network,9744240400
80,96,openmp sorting network,5169900
80,96,sequential sorting network,5315100
80,96,std::sort,2302700
90,96,own sorting network,12166660800
90,96,openmp sorting network,6430600
90,96,sequential sorting network,6607300
90,96,std::sort,2862800
100,96,own sorting network,14877052900
100,96,openmp sorting network,7839300
100,96,sequential sorting network,8009200
100,96,std::sort,3496100
10,104,own sorting network,294469400
10,104,openmp sorting network,156700
10,104,sequential sorting network,153000
10,104,std::sort,69200
20,104,own sorting network,857383700
20,104,openmp sorting network,484400
20,104,sequential sorting network,468800
20,104,std::sort,212400
30,104,own sorting network,1736261500
30,104,openmp sorting network,948700
30,104,sequential sorting network,928000
30,104,std::sort,416400
40,104,own sorting network,2910916600
40,104,openmp sorting network,1563000
40,104,sequential sorting network,1540300
40,104,std::sort,697600
50,104,own sorting network,4355863900
50,104,openmp sorting network,2368600
50,104,sequential sorting network,2340600
50,104,std::sort,1059300
60,104,own sorting network,6072650700
60,104,openmp sorting network,3270700
60,104,sequential sorting network,3253900
60,104,std::sort,1460600
70,104,own sorting network,8113346800
70,104,openmp sorting network,4357600
70,104,sequential sorting network,4333800
70,104,std::sort,1940600
80,104,own sorting network,10424523000
80,104,openmp sorting network,5611500
80,104,sequential sorting network,5569600
80,104,std::sort,2490200
90,104,own sorting network,12937442500
90,104,openmp sorting network,6957800
90,104,sequential sorting network,6906400
90,104,std::sort,3122700
100,104,own sorting network,15645835600
100,104,openmp sorting network,8527500
100,104,sequential sorting network,8487500
100,104,std::sort,3812900
10,112,own sorting network,277650300
10,112,openmp sorting network,175300
10,112,sequential sorting network,174900
10,112,std::sort,85600
20,112,own sorting network,877654700
20,112,openmp sorting network,510700
20,112,sequential sorting network,516400
20,112,std::sort,239100
30,112,own sorting network,1676975200
30,112,openmp sorting network,1070800
30,112,sequential sorting network,1086300
30,112,std::sort,492000
40,112,own sorting network,2858348700
40,112,openmp sorting network,1746100
40,112,sequential sorting network,1760400
40,112,std::sort,793100
50,112,own sorting network,4291773400
50,112,openmp sorting network,2586100
50,112,sequential sorting network,2595600
50,112,std::sort,1168400
60,112,own sorting network,5995241400
60,112,openmp sorting network,3596800
60,112,sequential sorting network,3602400
60,112,std::sort,1641000
70,112,own sorting network,7969273900
70,112,openmp sorting network,4766200
70,112,sequential sorting network,4782100
70,112,std::sort,2178200
80,112,own sorting network,10233523000
80,112,openmp sorting network,6127700
80,112,sequential sorting network,6174800
80,112,std::sort,2780200
90,112,own sorting network,12830753200
90,112,openmp sorting network,7768900
90,112,sequential sorting network,7674000
90,112,std::sort,3444700
100,112,own sorting network,15724086800
100,112,openmp sorting network,9444100
100,112,sequential sorting network,9363900
100,112,std::sort,4201100
10,120,own sorting network,331349700
10,120,openmp sorting network,182600
10,120,sequential sorting network,181000
10,120,std::sort,81100
20,120,own sorting network,1009860000
20,120,openmp sorting network,549700
20,120,sequential sorting network,534900
20,120,std::sort,241100
30,120,own sorting network,2013177700
30,120,openmp sorting network,1108900
30,120,sequential sorting network,1076700
30,120,std::sort,498000
40,120,own sorting network,3331076200
40,120,openmp sorting network,1864900
40,120,sequential sorting network,1806200
40,120,std::sort,834800
50,120,own sorting network,4996609000
50,120,openmp sorting network,2804800
50,120,sequential sorting network,2719300
50,120,std::sort,1241000
60,120,own sorting network,6951566800
60,120,openmp sorting network,3931500
60,120,sequential sorting network,3833100
60,120,std::sort,1763900
70,120,own sorting network,9246719700
70,120,openmp sorting network,5173600
70,120,sequential sorting network,5066400
70,120,std::sort,2327400
80,120,own sorting network,11861430300
80,120,openmp sorting network,6743500
80,120,sequential sorting network,6708100
80,120,std::sort,3036600
90,120,own sorting network,14823135300
90,120,openmp sorting network,8330000
90,120,sequential sorting network,8371700
90,120,std::sort,3759200
100,120,own sorting network,18079530400
100,120,openmp sorting network,10130800
100,120,sequential sorting network,10220800
100,120,std::sort,4581700
10,128,own sorting network,339632100
10,128,openmp sorting network,196900
10,128,sequential sorting network,205800
10,128,std::sort,88800
20,128,own sorting network,1038060700
20,128,openmp sorting network,580000
20,128,sequential sorting network,588200
20,128,std::sort,261400
30,128,own sorting network,2096506200
30,128,openmp sorting network,1166400
30,128,sequential sorting network,1162300
30,128,std::sort,530400
40,128,own sorting network,3455670800
40,128,openmp sorting network,1949900
40,128,sequential sorting network,1956000
40,128,std::sort,889900
50,128,own sorting network,5188447300
50,128,openmp sorting network,2932800
50,128,sequential sorting network,2963600
50,128,std::sort,1327900
60,128,own sorting network,7296931700
60,128,openmp sorting network,4101000
60,128,sequential sorting network,4122000
60,128,std::sort,1852200
70,128,own sorting network,9765935600
70,128,openmp sorting network,5457600
70,128,sequential sorting network,5474300
70,128,std::sort,2458200
80,128,own sorting network,12548193200
80,128,openmp sorting network,7055900
80,128,sequential sorting network,7037200
80,128,std::sort,3169200
90,128,own sorting network,15654921300
90,128,openmp sorting network,8778000
90,128,sequential sorting network,8800100
90,128,std::sort,3964400
100,128,own sorting network,19093874400
100,128,openmp sorting network,10833300
100,128,sequential sorting network,10784800
100,128,std::sort,4845100
10,136,own sorting network,469195100
10,136,openmp sorting network,240900
10,136,sequential sorting network,238600
10,136,std::sort,93400
20,136,own sorting network,1411028200
20,136,openmp sorting network,708600
20,136,sequential sorting network,735500
20,136,std::sort,279300
30,136,own sorting network,2796243500
30,136,openmp sorting network,1436900
30,136,sequential sorting network,1453600
30,136,std::sort,563300
40,136,own sorting network,4590138100
40,136,openmp sorting network,2401400
40,136,sequential sorting network,2381600
40,136,std::sort,931900
50,136,own sorting network,6931822100
50,136,openmp sorting network,3570700
50,136,sequential sorting network,3562800
50,136,std::sort,1417200
60,136,own sorting network,9795203900
60,136,openmp sorting network,4969000
60,136,sequential sorting network,4967600
60,136,std::sort,1976200
70,136,own sorting network,13128186500
70,136,openmp sorting network,6620100
70,136,sequential sorting network,6601000
70,136,std::sort,2625900
80,136,own sorting network,16891254200
80,136,openmp sorting network,8580500
80,136,sequential sorting network,8594400
80,136,std::sort,3377600
90,136,own sorting network,21191114200
90,136,openmp sorting network,10744800
90,136,sequential sorting network,10763100
90,136,std::sort,4232300
100,136,own sorting network,25952998900
100,136,openmp sorting network,13150800
100,136,sequential sorting network,13101500
100,136,std::sort,5154400
10,144,own sorting network,495973000
10,144,openmp sorting network,252600
10,144,sequential sorting network,250500
10,144,std::sort,99200
20,144,own sorting network,1492832400
20,144,openmp sorting network,782500
20,144,sequential sorting network,754800
20,144,std::sort,298500
30,144,own sorting network,2996744100
30,144,openmp sorting network,1530100
30,144,sequential sorting network,1513200
30,144,std::sort,602800
40,144,own sorting network,4980562200
40,144,openmp sorting network,2527100
40,144,sequential sorting network,2512500
40,144,std::sort,1027700
50,144,own sorting network,7447121000
50,144,openmp sorting network,3800800
50,144,sequential sorting network,3787700
50,144,std::sort,1530700
60,144,own sorting network,10247007100
60,144,openmp sorting network,5334600
60,144,sequential sorting network,5340900
60,144,std::sort,2144100
70,144,own sorting network,13540352200
70,144,openmp sorting network,7164200
70,144,sequential sorting network,7136600
70,144,std::sort,2855800
80,144,own sorting network,17478858600
80,144,openmp sorting network,9236600
80,144,sequential sorting network,9220900
80,144,std::sort,3667100
90,144,own sorting network,21821888100
90,144,openmp sorting network,11543000
90,144,sequential sorting network,11539200
90,144,std::sort,4582100
100,144,own sorting network,26647658200
100,144,openmp sorting network,14115100
100,144,sequential sorting network,14086900
100,144,std::sort,5592200
10,152,own sorting network,491021900
10,152,openmp sorting network,353600
10,152,sequential sorting network,274100
10,152,std::sort,116600
20,152,own sorting network,1519291700
20,152,openmp sorting network,982200
20,152,sequential sorting network,817200
20,152,std::sort,341400
30,152,own sorting network,3088746600
30,152,openmp sorting network,1786700
30,152,sequential sorting network,1740400
30,152,std::sort,657700
40,152,own sorting network,5014553400
40,152,openmp sorting network,3150600
40,152,sequential sorting network,2911000
40,152,std::sort,1251300
50,152,own sorting network,7538555600
50,152,openmp sorting network,4556300
50,152,sequential sorting network,4310800
50,152,std::sort,1799700
60,152,own sorting network,10614435500
60,152,openmp sorting network,6146500
60,152,sequential sorting network,5913300
60,152,std::sort,2425900
70,152,own sorting network,14214167400
70,152,openmp sorting network,8114400
70,152,sequential sorting network,7907700
70,152,std::sort,3196000
80,152,own sorting network,18266131800
80,152,openmp sorting network,10230200
80,152,sequential sorting network,10039400
80,152,std::sort,4029900
90,152,own sorting network,22817682900
90,152,openmp sorting network,12836000
90,152,sequential sorting network,12644900
90,152,std::sort,5050400
100,152,own sorting network,27961146000
100,152,openmp sorting network,15583900
100,152,sequential sorting network,15357600
100,152,std::sort,6148500
10,160,own sorting network,519486900
10,160,openmp sorting network,303500
10,160,sequential sorting network,297500
10,160,std::sort,115800
20,160,own sorting network,1552516800
20,160,openmp sorting network,873100
20,160,sequential sorting network,856800
20,160,std::sort,338900
30,160,own sorting network,3014063300
30,160,openmp sorting network,1737200
30,160,sequential sorting network,1712800
30,160,std::sort,683100
40,160,own sorting network,4915391100
40,160,openmp sorting network,2931600
40,160,sequential sorting network,2888600
40,160,std::sort,1157700
50,160,own sorting network,7303933100
50,160,openmp sorting network,4351400
50,160,sequential sorting network,4322500
50,160,std::sort,1729900
60,160,own sorting network,10061700800
60,160,openmp sorting network,6068400
60,160,sequential sorting network,6107200
60,160,std::sort,2422200
70,160,own sorting network,13286480600
70,160,openmp sorting network,8069900
70,160,sequential sorting network,8227600
70,160,std::sort,3229000
80,160,own sorting network,17324689600
80,160,openmp sorting network,10376100
80,160,sequential sorting network,10554400
80,160,std::sort,4142500
90,160,own sorting network,21408491000
90,160,openmp sorting network,13019600
90,160,sequential sorting network,13336500
90,160,std::sort,5173700
100,160,own sorting network,25951582900
100,160,openmp sorting network,15901200
100,160,sequential sorting network,16219700
100,160,std::sort,6292000
10,168,own sorting network,467415400
10,168,openmp sorting network,303700
10,168,sequential sorting network,300400
10,168,std::sort,126100
20,168,own sorting network,1439685400
20,168,openmp sorting network,904100
20,168,sequential sorting network,897300
20,168,std::sort,363700
30,168,own sorting network,2863763700
30,168,openmp sorting network,1837100
30,168,sequential sorting network,1818900
30,168,std::sort,726500
40,168,own sorting network,4839192100
40,168,openmp sorting network,3053900
40,168,sequential sorting network,3050100
40,168,std::sort,1208400
50,168,own sorting network,7449052000
50,168,openmp sorting network,4562600
50,168,sequential sorting network,4561200
50,168,std::sort,1818900
60,168,own sorting network,10221013200
60,168,openmp sorting network,6449900
60,168,sequential sorting network,6428000
60,168,std::sort,2559400
70,168,own sorting network,13449281900
70,168,openmp sorting network,8558900
70,168,sequential sorting network,8554500
70,168,std::sort,3435500
80,168,own sorting network,17317594500
80,168,openmp sorting network,11008000
80,168,sequential sorting network,11052700
80,168,std::sort,4405100
90,168,own sorting network,21763165200
90,168,openmp sorting network,13751300
90,168,sequential sorting network,13759800
90,168,std::sort,5497200
100,168,own sorting network,27037570100
100,168,openmp sorting network,16824400
100,168,sequential sorting network,16784400
100,168,std::sort,6716400
10,176,own sorting network,579979000
10,176,openmp sorting network,348900
10,176,sequential sorting network,311500
10,176,std::sort,126500
20,176,own sorting network,1789746100
20,176,openmp sorting network,981600
20,176,sequential sorting network,931100
20,176,std::sort,376500
30,176,own sorting network,3622087700
30,176,openmp sorting network,1925300
30,176,sequential sorting network,1864000
30,176,std::sort,750500
40,176,own sorting network,6069854500
40,176,openmp sorting network,3163500
40,176,sequential sorting network,3114400
40,176,std::sort,1250100
50,176,own sorting network,9064767000
50,176,openmp sorting network,4740400
50,176,sequential sorting network,4690400
50,176,std::sort,1878000
60,176,own sorting network,12591881600
60,176,openmp sorting network,6612600
60,176,sequential sorting network,6580300
60,176,std::sort,2630300
70,176,own sorting network,16691470300
70,176,openmp sorting network,8986800
70,176,sequential sorting network,8894700
70,176,std::sort,3549900
80,176,own sorting network,21362341900
80,176,openmp sorting network,11538100
80,176,sequential sorting network,11458200
80,176,std::sort,4572000
90,176,own sorting network,25893561100
90,176,openmp sorting network,14412400
90,176,sequential sorting network,14333900
90,176,std::sort,5724700
100,176,own sorting network,31477195100
100,176,openmp sorting network,17580300
100,176,sequential sorting network,17512000
100,176,std::sort,7021400
10,184,own sorting network,631946400
10,184,openmp sorting network,332000
10,184,sequential sorting network,337100
10,184,std::sort,132500
20,184,own sorting network,1848082800
20,184,openmp sorting network,1053000
20,184,sequential sorting network,1057900
20,184,std::sort,436100
30,184,own sorting network,3685901800
30,184,openmp sorting network,1998000
30,184,sequential sorting network,2017900
30,184,std::sort,821100
40,184,own sorting network,6055834700
40,184,openmp sorting network,3352300
40,184,sequential sorting network,3374200
40,184,std::sort,1354700
50,184,own sorting network,8966651300
50,184,openmp sorting network,5023600
50,184,sequential sorting network,5037600
50,184,std::sort,2038200
60,184,own sorting network,12008508900
60,184,openmp sorting network,6962100
60,184,sequential sorting network,7176300
60,184,std::sort,2829600
70,184,own sorting network,15768374500
70,184,openmp sorting network,9292200
70,184,sequential sorting network,9516500
70,184,std::sort,3768700
80,184,own sorting network,20088735200
80,184,openmp sorting network,11988600
80,184,sequential sorting network,12368800
80,184,std::sort,4848300
90,184,own sorting network,25121014000
90,184,openmp sorting network,15014000
90,184,sequential sorting network,15407200
90,184,std::sort,6063500
100,184,own sorting network,30567823600
100,184,openmp sorting network,18343800
100,184,sequential sorting network,18783700
100,184,std::sort,7403300
10,192,own sorting network,593864500
10,192,openmp sorting network,360600
10,192,sequential sorting network,343500
10,192,std::sort,138400
20,192,own sorting network,1636339400
20,192,openmp sorting network,1107100
20,192,sequential sorting network,1085200
20,192,std::sort,436900
30,192,own sorting network,3375128800
30,192,openmp sorting network,2162400
30,192,sequential sorting network,2193900
30,192,std::sort,862200
40,192,own sorting network,5665373800
40,192,openmp sorting network,3544500
40,192,sequential sorting network,3578300
40,192,std::sort,1409900
50,192,own sorting network,8536194000
50,192,openmp sorting network,5288600
50,192,sequential sorting network,5345500
50,192,std::sort,2116100
60,192,own sorting network,12031997400
60,192,openmp sorting network,7323400
60,192,sequential sorting network,7390400
60,192,std::sort,2965500
70,192,own sorting network,16298250500
70,192,openmp sorting network,9778700
70,192,sequential sorting network,9849100
70,192,std::sort,3955500
80,192,own sorting network,21250275600
80,192,openmp sorting network,12571200
80,192,sequential sorting network,12665300
80,192,std::sort,5101600
90,192,own sorting network,26916411200
90,192,openmp sorting network,15779500
90,192,sequential sorting network,15742300
90,192,std::sort,6384600
100,192,own sorting network,32558535600
100,192,openmp sorting network,19209700
100,192,sequential sorting network,19162600
100,192,std::sort,7874800
10,200,own sorting network,588898700
10,200,openmp sorting network,366800
10,200,sequential sorting network,371200
10,200,std::sort,146500
20,200,own sorting network,1739786300
20,200,openmp sorting network,1123000
20,200,sequential sorting network,1122300
20,200,std::sort,444000
30,200,own sorting network,3501913000
30,200,openmp sorting network,2263600
30,200,sequential sorting network,2225300
30,200,std::sort,894600
40,200,own sorting network,5737885800
40,200,openmp sorting network,3732400
40,200,sequential sorting network,3661600
40,200,std::sort,1471800
50,200,own sorting network,8753063700
50,200,openmp sorting network,5602600
50,200,sequential sorting network,5508500
50,200,std::sort,2226000
60,200,own sorting network,12284338700
60,200,openmp sorting network,7867000
60,200,sequential sorting network,7781200
60,200,std::sort,3163500
70,200,own sorting network,16197691900
70,200,openmp sorting network,10424000
70,200,sequential sorting network,10370600
70,200,std::sort,4200300
80,200,own sorting network,20682232900
80,200,openmp sorting network,13377700
80,200,sequential sorting network,13361000
80,200,std::sort,5382600
90,200,own sorting network,25860754600
90,200,openmp sorting network,16695700
90,200,sequential sorting network,16662500
90,200,std::sort,6733300
100,200,own sorting network,31417644700
100,200,openmp sorting network,20314500
100,200,sequential sorting network,20259000
100,200,std::sort,8192400
10,208,own sorting network,575384600
10,208,openmp sorting network,385000
10,208,sequential sorting network,377400
10,208,std::sort,153500
20,208,own sorting network,1731306300
20,208,openmp sorting network,1157900
20,208,sequential sorting network,1144700
20,208,std::sort,471400
30,208,own sorting network,3547916300
30,208,openmp sorting network,2326100
30,208,sequential sorting network,2292600
30,208,std::sort,940400
40,208,own sorting network,5929734900
40,208,openmp sorting network,3811900
40,208,sequential sorting network,3806900
40,208,std::sort,1548600
50,208,own sorting network,8861897000
50,208,openmp sorting network,5734600
50,208,sequential sorting network,5793400
50,208,std::sort,2323900
60,208,own sorting network,12341701000
60,208,openmp sorting network,8049200
60,208,sequential sorting network,8077800
60,208,std::sort,3254300
70,208,own sorting network,16482664600
70,208,openmp sorting network,11037500
70,208,sequential sorting network,10990400
70,208,std::sort,4427400
80,208,own sorting network,21654437200
80,208,openmp sorting network,14044700
80,208,sequential sorting network,13990100
80,208,std::sort,5632400
90,208,own sorting network,27742975300
90,208,openmp sorting network,17432200
90,208,sequential sorting network,17368700
90,208,std::sort,6996900
100,208,own sorting network,34297944900
100,208,openmp sorting network,21176200
100,208,sequential sorting network,21105000
100,208,std::sort,8532800
10,216,own sorting network,709263300
10,216,openmp sorting network,402800
10,216,sequential sorting network,399400
10,216,std::sort,169700
20,216,own sorting network,2122286500
20,216,openmp sorting network,1194700
20,216,sequential sorting network,1205700
20,216,std::sort,486200
30,216,own sorting network,4101871400
30,216,openmp sorting network,2404000
30,216,sequential sorting network,2435000
30,216,std::sort,970400
40,216,own sorting network,6875825200
40,216,openmp sorting network,4097300
40,216,sequential sorting network,4073600
40,216,std::sort,1643400
50,216,own sorting network,10253918200
50,216,openmp sorting network,6771700
50,216,sequential sorting network,6748500
50,216,std::sort,2761100
60,216,own sorting network,13423243900
60,216,openmp sorting network,9413400
60,216,sequential sorting network,9364600
60,216,std::sort,3823300
70,216,own sorting network,17988227500
70,216,openmp sorting network,13078300
70,216,sequential sorting network,12990300
70,216,std::sort,5151100
80,216,own sorting network,23392105100
80,216,openmp sorting network,16271200
80,216,sequential sorting network,16226200
80,216,std::sort,6468700
90,216,own sorting network,29727124600
90,216,openmp sorting network,19963500
90,216,sequential sorting network,19844300
90,216,std::sort,7926700
100,216,own sorting network,36817766600
100,216,openmp sorting network,24274500
100,216,sequential sorting network,24164100
100,216,std::sort,9670300
10,224,own sorting network,567502900
10,224,openmp sorting network,526300
10,224,sequential sorting network,464300
10,224,std::sort,188300
20,224,own sorting network,1613760900
20,224,openmp sorting network,1399500
20,224,sequential sorting network,1313800
20,224,std::sort,555200
30,224,own sorting network,3354219200
30,224,openmp sorting network,2645300
30,224,sequential sorting network,2556000
30,224,std::sort,1060400
40,224,own sorting network,5524031300
40,224,openmp sorting network,4691900
40,224,sequential sorting network,4604700
40,224,std::sort,1870100
50,224,own sorting network,8337163300
50,224,openmp sorting network,6784400
50,224,sequential sorting network,6687200
50,224,std::sort,2707600
60,224,own sorting network,11814036600
60,224,openmp sorting network,9259400
60,224,sequential sorting network,9194800
60,224,std::sort,3693300
70,224,own sorting network,15934211500
70,224,openmp sorting network,12086200
70,224,sequential sorting network,12008500
70,224,std::sort,4928200
80,224,own sorting network,20685295400
80,224,openmp sorting network,15621300
80,224,sequential sorting network,15506800
80,224,std::sort,6363500
90,224,own sorting network,25942757100
90,224,openmp sorting network,19386300
90,224,sequential sorting network,19252400
90,224,std::sort,7882500
100,224,own sorting network,32719512400
100,224,openmp sorting network,23693800
100,224,sequential sorting network,23582000
100,224,std::sort,9576800
10,232,own sorting network,753765900
10,232,openmp sorting network,432700
10,232,sequential sorting network,439100
10,232,std::sort,170600
20,232,own sorting network,2189778300
20,232,openmp sorting network,1321600
20,232,sequential sorting network,1327900
20,232,std::sort,521600
30,232,own sorting network,4401873300
30,232,openmp sorting network,2624700
30,232,sequential sorting network,2634700
30,232,std::sort,1049600
40,232,own sorting network,7367274800
40,232,openmp sorting network,4361800
40,232,sequential sorting network,4373300
40,232,std::sort,1756300
50,232,own sorting network,11059253600
50,232,openmp sorting network,6548400
50,232,sequential sorting network,6571700
50,232,std::sort,2659500
60,232,own sorting network,15505679400
60,232,openmp sorting network,9132200
60,232,sequential sorting network,9117500
60,232,std::sort,3694000
70,232,own sorting network,20825403800
70,232,openmp sorting network,12156000
70,232,sequential sorting network,12119800
70,232,std::sort,4893100
80,232,own sorting network,26788913500
80,232,openmp sorting network,15657700
80,232,sequential sorting network,15580300
80,232,std::sort,6302200
90,232,own sorting network,33285295100
90,232,openmp sorting network,19725500
90,232,sequential sorting network,19605300
90,232,std::sort,7919900
100,232,own sorting network,40652920800
100,232,openmp sorting network,24059400
100,232,sequential sorting network,23974600
100,232,std::sort,9697000
10,240,own sorting network,764451000
10,240,openmp sorting network,455400
10,240,sequential sorting network,435400
10,240,std::sort,178900
20,240,own sorting network,2351385000
20,240,openmp sorting network,1343300
20,240,sequential sorting network,1308200
20,240,std::sort,534200
30,240,own sorting network,4682533000
30,240,openmp sorting network,2691300
30,240,sequential sorting network,2659600
30,240,std::sort,1076000
40,240,own sorting network,7135012400
40,240,openmp sorting network,4536100
40,240,sequential sorting network,4563400
40,240,std::sort,1807700
50,240,own sorting network,10035232300
50,240,openmp sorting network,6851100
50,240,sequential sorting network,6893500
50,240,std::sort,2744600
60,240,own sorting network,13522075000
60,240,openmp sorting network,9559700
60,240,sequential sorting network,9567100
60,240,std::sort,3856200
70,240,own sorting network,17402886400
70,240,openmp sorting network,12848200
70,240,sequential sorting network,12768700
70,240,std::sort,5209000
80,240,own sorting network,22104983900
80,240,openmp sorting network,16523600
80,240,sequential sorting network,16378800
80,240,std::sort,6673000
90,240,own sorting network,27017026600
90,240,openmp sorting network,21114400
90,240,sequential sorting network,22140600
90,240,std::sort,8453000
100,240,own sorting network,31412276400
100,240,openmp sorting network,27358500
100,240,sequential sorting network,27794900
100,240,std::sort,10668600
10,248,own sorting network,450298400
10,248,openmp sorting network,585900
10,248,sequential sorting network,630900
10,248,std::sort,230000
20,248,own sorting network,1505612700
20,248,openmp sorting network,1725100
20,248,sequential sorting network,1745300
20,248,std::sort,685800
30,248,own sorting network,2957545500
30,248,openmp sorting network,3434400
30,248,sequential sorting network,3484600
30,248,std::sort,1383300
40,248,own sorting network,5715763300
40,248,openmp sorting network,5363300
40,248,sequential sorting network,5412500
40,248,std::sort,2187800
50,248,own sorting network,8596548600
50,248,openmp sorting network,7918700
50,248,sequential sorting network,7966200
50,248,std::sort,3218500
60,248,own sorting network,12401476600
60,248,openmp sorting network,10897500
60,248,sequential sorting network,10928700
60,248,std::sort,4414500
70,248,own sorting network,16842507600
70,248,openmp sorting network,16797000
70,248,sequential sorting network,15300400
70,248,std::sort,6295400
80,248,own sorting network,21010502700
80,248,openmp sorting network,21097500
80,248,sequential sorting network,19722200
80,248,std::sort,8047300
90,248,own sorting network,26863463500
90,248,openmp sorting network,25430900
90,248,sequential sorting network,24039300
90,248,std::sort,9818100
100,248,own sorting network,32373544900
100,248,openmp sorting network,30154800
100,248,sequential sorting network,28701300
100,248,std::sort,11716900
10,256,own sorting network,700004100
10,256,openmp sorting network,489700
10,256,sequential sorting network,492500
10,256,std::sort,218300
20,256,own sorting network,2257035600
20,256,openmp sorting network,1512900
20,256,sequential sorting network,1487000
20,256,std::sort,655200
30,256,own sorting network,4343843400
30,256,openmp sorting network,3046100
30,256,sequential sorting network,3033800
30,256,std::sort,1279900
40,256,own sorting network,6669977900
40,256,openmp sorting network,5248600
40,256,sequential sorting network,5110200
40,256,std::sort,2117000
50,256,own sorting network,8922435900
50,256,openmp sorting network,7836000
50,256,sequential sorting network,7702500
50,256,std::sort,3153000
60,256,own sorting network,11558753600
60,256,openmp sorting network,11173900
60,256,sequential sorting network,10948700
60,256,std::sort,4478600
70,256,own sorting network,15371523300
70,256,openmp sorting network,14762700
70,256,sequential sorting network,14557400
70,256,std::sort,5953100
80,256,own sorting network,19895205900
80,256,openmp sorting network,18746400
80,256,sequential sorting network,18456500
80,256,std::sort,7550400
90,256,own sorting network,25205754400
90,256,openmp sorting network,23228800
90,256,sequential sorting network,22958300
90,256,std::sort,9364900
100,256,own sorting network,31141508900
100,256,openmp sorting network,28124100
100,256,sequential sorting network,27838400
100,256,std::sort,11329600
10,8,own sorting network,5412400
10,8,openmp sorting network,3800
10,8,sequential sorting network,4200
10,8,std::sort,3300
20,8,own sorting network,16249400
20,8,openmp sorting network,11600
20,8,sequential sorting network,11900
20,8,std::sort,8800
30,8,own sorting network,32369100
30,8,openmp sorting network,22600
30,8,sequential sorting network,22900
30,8,std::sort,16700
40,8,own sorting network,53347800
40,8,openmp sorting network,36900
40,8,sequential sorting network,37200
40,8,std::sort,27500
50,8,own sorting network,80325100
50,8,openmp sorting network,54800
50,8,sequential sorting network,55000
50,8,std::sort,40600
60,8,own sorting network,113305100
60,8,openmp sorting network,76200
60,8,sequential sorting network,76100
60,8,std::sort,56200
70,8,own sorting network,151255000
70,8,openmp sorting network,101500
70,8,sequential sorting network,100500
70,8,std::sort,73500
80,8,own sorting network,194099700
80,8,openmp sorting network,129100
80,8,sequential sorting network,127900
80,8,std::sort,94100
90,8,own sorting network,242370000
90,8,openmp sorting network,159700
90,8,sequential sorting network,157500
90,8,std::sort,115400
100,8,own sorting network,297136800
100,8,openmp sorting network,195900
100,8,sequential sorting network,192000
100,8,std::sort,141200
10,16,own sorting network,18240300
10,16,openmp sorting network,11700
10,16,sequential sorting network,11600
10,16,std::sort,6800
20,16,own sorting network,53709900
20,16,openmp sorting network,34900
20,16,sequential sorting network,33300
20,16,std::sort,19000
30,16,own sorting network,106233800
30,16,openmp sorting network,66600
30,16,sequential sorting network,65400
30,16,std::sort,37700
40,16,own sorting network,177207200
40,16,openmp sorting network,107500
40,16,sequential sorting network,107300
40,16,std::sort,61700
50,16,own sorting network,265524700
50,16,openmp sorting network,159700
50,16,sequential sorting network,158700
50,16,std::sort,91600
60,16,own sorting network,374647600
60,16,openmp sorting network,223700
60,16,sequential sorting network,224100
60,16,std::sort,127700
70,16,own sorting network,499951100
70,16,openmp sorting network,302200
70,16,sequential sorting network,296300
70,16,std::sort,168100
80,16,own sorting network,641925500
80,16,openmp sorting network,384000
80,16,sequential sorting network,377800
80,16,std::sort,214200
90,16,own sorting network,809873700
90,16,openmp sorting network,478600
90,16,sequential sorting network,472700
90,16,std::sort,267400
100,16,own sorting network,989672600
100,16,openmp sorting network,581800
100,16,sequential sorting network,574700
100,16,std::sort,326100
10,24,own sorting network,39725000
10,24,openmp sorting network,23500
10,24,sequential sorting network,22500
10,24,std::sort,13400
20,24,own sorting network,120652300
20,24,openmp sorting network,67500
20,24,sequential sorting network,66200
20,24,std::sort,37800
30,24,own sorting network,237316100
30,24,openmp sorting network,129900
30,24,sequential sorting network,127200
30,24,std::sort,72900
40,24,own sorting network,394020800
40,24,openmp sorting network,212300
40,24,sequential sorting network,208200
40,24,std::sort,120700
50,24,own sorting network,591519100
50,24,openmp sorting network,317800
50,24,sequential sorting network,312100
50,24,std::sort,181700
60,24,own sorting network,830631900
60,24,openmp sorting network,442500
60,24,sequential sorting network,435800
60,24,std::sort,253800
70,24,own sorting network,1106232100
70,24,openmp sorting network,585000
70,24,sequential sorting network,579200
70,24,std::sort,337300
80,24,own sorting network,1419171100
80,24,openmp sorting network,744400
80,24,sequential sorting network,744000
80,24,std::sort,429600
90,24,own sorting network,1779921200
90,24,openmp sorting network,922500
90,24,sequential sorting network,923100
90,24,std::sort,533500
100,24,own sorting network,2174242800
100,24,openmp sorting network,1136300
100,24,sequential sorting network,1127400
100,24,std::sort,653200
10,32,own sorting network,52568100
10,32,openmp sorting network,30100
10,32,sequential sorting network,30600
10,32,std::sort,18100
20,32,own sorting network,154198200
20,32,openmp sorting network,88600
20,32,sequential sorting network,89500
20,32,std::sort,53200
30,32,own sorting network,307916600
30,32,openmp sorting network,174400
30,32,sequential sorting network,197200
30,32,std::sort,104000
40,32,own sorting network,513480500
40,32,openmp sorting network,289600
40,32,sequential sorting network,312500
40,32,std::sort,170800
50,32,own sorting network,772338700
50,32,openmp sorting network,439200
50,32,sequential sorting network,454700
50,32,std::sort,253500
60,32,own sorting network,1079816000
60,32,openmp sorting network,608700
60,32,sequential sorting network,625200
60,32,std::sort,352800
70,32,own sorting network,1439106600
70,32,openmp sorting network,808000
70,32,sequential sorting network,825700
70,32,std::sort,469600
80,32,own sorting network,1859055000
80,32,openmp sorting network,1033800
80,32,sequential sorting network,1052200
80,32,std::sort,601100
90,32,own sorting network,2330882700
90,32,openmp sorting network,1285800
90,32,sequential sorting network,1306500
90,32,std::sort,747700
100,32,own sorting network,2851724200
100,32,openmp sorting network,1571400
100,32,sequential sorting network,1588000
100,32,std::sort,911200
10,40,own sorting network,86793500
10,40,openmp sorting network,64800
10,40,sequential sorting network,48300
10,40,std::sort,23400
20,40,own sorting network,265936200
20,40,openmp sorting network,158800
20,40,sequential sorting network,160200
20,40,std::sort,67900
30,40,own sorting network,528142400
30,40,openmp sorting network,295100
30,40,sequential sorting network,293500
30,40,std::sort,133900
40,40,own sorting network,888127800
40,40,openmp sorting network,472800
40,40,sequential sorting network,469200
40,40,std::sort,222400
50,40,own sorting network,1332896200
50,40,openmp sorting network,698300
50,40,sequential sorting network,734800
50,40,std::sort,336200
60,40,own sorting network,1859634800
60,40,openmp sorting network,966400
60,40,sequential sorting network,1002900
60,40,std::sort,471400
70,40,own sorting network,2474424000
70,40,openmp sorting network,1267800
70,40,sequential sorting network,1344900
70,40,std::sort,624000
80,40,own sorting network,3183663800
80,40,openmp sorting network,1619500
80,40,sequential sorting network,1691400
80,40,std::sort,797200
90,40,own sorting network,3981295900
90,40,openmp sorting network,2019800
90,40,sequential sorting network,2103400
90,40,std::sort,997300
100,40,own sorting network,4860087300
100,40,openmp sorting network,2459200
100,40,sequential sorting network,2537000
100,40,std::sort,1224500
10,48,own sorting network,105038200
10,48,openmp sorting network,75700
10,48,sequential sorting network,57500
10,48,std::sort,29000
20,48,own sorting network,317666700
20,48,openmp sorting network,199600
20,48,sequential sorting network,172900
20,48,std::sort,86200
30,48,own sorting network,635822800
30,48,openmp sorting network,373400
30,48,sequential sorting network,346100
30,48,std::sort,175100
40,48,own sorting network,1068816800
40,48,openmp sorting network,596100
40,48,sequential sorting network,574100
40,48,std::sort,288000
50,48,own sorting network,1603095200
50,48,openmp sorting network,865500
50,48,sequential sorting network,850600
50,48,std::sort,424300
60,48,own sorting network,2233841300
60,48,openmp sorting network,1194200
60,48,sequential sorting network,1176600
60,48,std::sort,588300
70,48,own sorting network,2964825400
70,48,openmp sorting network,1585600
70,48,sequential sorting network,1561000
70,48,std::sort,791700
80,48,own sorting network,3809829000
80,48,openmp sorting network,2034400
80,48,sequential sorting network,1999000
80,48,std::sort,1021600
90,48,own sorting network,4754466900
90,48,openmp sorting network,2544600
90,48,sequential sorting network,2504500
90,48,std::sort,1274300
100,48,own sorting network,5805840900
100,48,openmp sorting network,3127900
100,48,sequential sorting network,3086900
100,48,std::sort,1562100
10,56,own sorting network,122283300
10,56,openmp sorting network,75100
10,56,sequential sorting network,74700
10,56,std::sort,37700
20,56,own sorting network,368393900
20,56,openmp sorting network,218600
20,56,sequential sorting network,217800
20,56,std::sort,110900
30,56,own sorting network,752822300
30,56,openmp sorting network,442000
30,56,sequential sorting network,441200
30,56,std::sort,247400
40,56,own sorting network,1259218900
40,56,openmp sorting network,721300
40,56,sequential sorting network,720900
40,56,std::sort,391800
50,56,own sorting network,1883706800
50,56,openmp sorting network,1065800
50,56,sequential sorting network,1057800
50,56,std::sort,568700
60,56,own sorting network,2596689500
60,56,openmp sorting network,1454800
60,56,sequential sorting network,1456000
60,56,std::sort,767100
70,56,own sorting network,3424421100
70,56,openmp sorting network,1944500
70,56,sequential sorting network,1919900
70,56,std::sort,1009400
80,56,own sorting network,4358879400
80,56,openmp sorting network,2469800
80,56,sequential sorting network,2454500
80,56,std::sort,1285000
90,56,own sorting network,5466692800
90,56,openmp sorting network,3050400
90,56,sequential sorting network,3031200
90,56,std::sort,1579000
100,56,own sorting network,6711911000
100,56,openmp sorting network,3692700
100,56,sequential sorting network,3676500
100,56,std::sort,1915600
10,64,own sorting network,139399800
10,64,openmp sorting network,82600
10,64,sequential sorting network,88600
10,64,std::sort,40700
20,64,own sorting network,413503400
20,64,openmp sorting network,240900
20,64,sequential sorting network,245300
20,64,std::sort,120000
30,64,own sorting network,831548400
30,64,openmp sorting network,474300
30,64,sequential sorting network,478700
30,64,std::sort,237600
40,64,own sorting network,1388841700
40,64,openmp sorting network,791500
40,64,sequential sorting network,786200
40,64,std::sort,392100
50,64,own sorting network,2089519000
50,64,openmp sorting network,1222500
50,64,sequential sorting network,1173400
50,64,std::sort,596100
60,64,own sorting network,2932822000
60,64,openmp sorting network,1678900
60,64,sequential sorting network,1640400
60,64,std::sort,828100
70,64,own sorting network,3919646200
70,64,openmp sorting network,2213000
70,64,sequential sorting network,2177200
70,64,std::sort,1097500
80,64,own sorting network,5039681000
80,64,openmp sorting network,2833300
80,64,sequential sorting network,2788500
80,64,std::sort,1415200
90,64,own sorting network,6313196000
90,64,openmp sorting network,3517800
90,64,sequential sorting network,3477100
90,64,std::sort,1794100
100,64,own sorting network,7713056500
100,64,openmp sorting network,4277800
100,64,sequential sorting network,4239700
100,64,std::sort,2180300
10,72,own sorting network,215851900
10,72,openmp sorting network,107300
10,72,sequential sorting network,104200
10,72,std::sort,45500
20,72,own sorting network,628816500
20,72,openmp sorting network,328100
20,72,sequential sorting network,322300
20,72,std::sort,139900
30,72,own sorting network,1258926700
30,72,openmp sorting network,647300
30,72,sequential sorting network,629700
30,72,std::sort,275300
40,72,own sorting network,2089129800
40,72,openmp sorting network,1054300
40,72,sequential sorting network,1049500
40,72,std::sort,454000
50,72,own sorting network,3133285800
50,72,openmp sorting network,1561500
50,72,sequential sorting network,1569400
50,72,std::sort,676800
60,72,own sorting network,4397061400
60,72,openmp sorting network,2169200
60,72,sequential sorting network,2185600
60,72,std::sort,947200
70,72,own sorting network,5816429800
70,72,openmp sorting network,2912000
70,72,sequential sorting network,2929200
70,72,std::sort,1285600
80,72,own sorting network,7485673600
80,72,openmp sorting network,3740500
80,72,sequential sorting network,3747200
80,72,std::sort,1652100
90,72,own sorting network,9340119800
90,72,openmp sorting network,4666200
90,72,sequential sorting network,4668300
90,72,std::sort,2052000
100,72,own sorting network,11393360500
100,72,openmp sorting network,5710600
100,72,sequential sorting network,5693000
100,72,std::sort,2502500
10,80,own sorting network,223997500
10,80,openmp sorting network,119500
10,80,sequential sorting network,125600
10,80,std::sort,51700
20,80,own sorting network,684434200
20,80,openmp sorting network,352700
20,80,sequential sorting network,358200
20,80,std::sort,154300
30,80,own sorting network,1367413400
30,80,openmp sorting network,690200
30,80,sequential sorting network,785000
30,80,std::sort,304300
40,80,own sorting network,2275345600
40,80,openmp sorting network,1153500
40,80,sequential sorting network,1248500
40,80,std::sort,511800
50,80,own sorting network,3403463400
50,80,openmp sorting network,1709800
50,80,sequential sorting network,1814600
50,80,std::sort,757200
60,80,own sorting network,4772146600
60,80,openmp sorting network,2394500
60,80,sequential sorting network,2495600
60,80,std::sort,1065200
70,80,own sorting network,6353659100
70,80,openmp sorting network,3202000
70,80,sequential sorting network,3340300
70,80,std::sort,1419600
80,80,own sorting network,8082974200
80,80,openmp sorting network,4188300
80,80,sequential sorting network,4348200
80,80,std::sort,1863000
90,80,own sorting network,10095466100
90,80,openmp sorting network,5230400
90,80,sequential sorting network,5375900
90,80,std::sort,2342400
100,80,own sorting network,12259215100
100,80,openmp sorting network,6372900
100,80,sequential sorting network,6552300
100,80,std::sort,2970000
10,88,own sorting network,238476100
10,88,openmp sorting network,139300
10,88,sequential sorting network,137400
10,88,std::sort,61400
20,88,own sorting network,737352400
20,88,openmp sorting network,398700
20,88,sequential sorting network,397400
20,88,std::sort,176100
30,88,own sorting network,1426168000
30,88,openmp sorting network,837500
30,88,sequential sorting network,824800
30,88,std::sort,364600
40,88,own sorting network,2380957200
40,88,openmp sorting network,1407600
40,88,sequential sorting network,1376200
40,88,std::sort,608600
50,88,own sorting network,3524903700
50,88,openmp sorting network,2150500
50,88,sequential sorting network,2111100
50,88,std::sort,921200
60,88,own sorting network,5004599600
60,88,openmp sorting network,2958100
60,88,sequential sorting network,2919800
60,88,std::sort,1379900
70,88,own sorting network,6704215700
70,88,openmp sorting network,3858100
70,88,sequential sorting network,3811900
70,88,std::sort,1774400
80,88,own sorting network,8600749200
80,88,openmp sorting network,4879100
80,88,sequential sorting network,4927500
80,88,std::sort,2225300
90,88,own sorting network,10706222200
90,88,openmp sorting network,6194400
90,88,sequential sorting network,6247700
90,88,std::sort,2788500
100,88,own sorting network,13082368900
100,88,openmp sorting network,7466900
100,88,sequential sorting network,7527400
100,88,std::sort,3360500
10,96,own sorting network,266444300
10,96,openmp sorting network,141200
10,96,sequential sorting network,138900
10,96,std::sort,62800
20,96,own sorting network,789794800
20,96,openmp sorting network,426200
20,96,sequential sorting network,433300
20,96,std::sort,190600
30,96,own sorting network,1566955400
30,96,openmp sorting network,856900
30,96,sequential sorting network,848900
30,96,std::sort,390200
40,96,own sorting network,2579229200
40,96,openmp sorting network,1412800
40,96,sequential sorting network,1416200
40,96,std::sort,637500
50,96,own sorting network,3790120000
50,96,openmp sorting network,2233800
50,96,sequential sorting network,2297800
50,96,std::sort,987600
60,96,own sorting network,5230634800
60,96,openmp sorting network,3081700
60,96,sequential sorting network,3140000
60,96,std::sort,1365300
70,96,own sorting network,6851358500
70,96,openmp sorting network,4144600
70,96,sequential sorting network,4207400
70,96,std::sort,1860000
80,96,own sorting network,8907660200
80,96,openmp sorting network,5267800
80,96,sequential sorting network,5329900
80,96,std::sort,2361700
90,96,own sorting network,11145645500
90,96,openmp sorting network,6489400
90,96,sequential sorting network,6576000
90,96,std::sort,2910000
100,96,own sorting network,13651711400
100,96,openmp sorting network,7924700
100,96,sequential sorting network,7990000
100,96,std::sort,3543800
10,104,own sorting network,263647900
10,104,openmp sorting network,160300
10,104,sequential sorting network,160600
10,104,std::sort,71300
20,104,own sorting network,811632800
20,104,openmp sorting network,467100
20,104,sequential sorting network,478200
20,104,std::sort,210800
30,104,own sorting network,1601352200
30,104,openmp sorting network,1035600
30,104,sequential sorting network,980600
30,104,std::sort,431500
40,104,own sorting network,2639145600
40,104,openmp sorting network,1658000
40,104,sequential sorting network,1617600
40,104,std::sort,714800
50,104,own sorting network,3910175700
50,104,openmp sorting network,2428500
50,104,sequential sorting network,2449500
50,104,std::sort,1061300
60,104,own sorting network,5344039900
60,104,openmp sorting network,3924100
60,104,sequential sorting network,4276300
60,104,std::sort,1550300
70,104,own sorting network,7127273000
70,104,openmp sorting network,5102000
70,104,sequential sorting network,5447700
70,104,std::sort,2135700
80,104,own sorting network,8994145100
80,104,openmp sorting network,6719200
80,104,sequential sorting network,6895500
80,104,std::sort,2886100
90,104,own sorting network,11088234700
90,104,openmp sorting network,8778900
90,104,sequential sorting network,8968900
90,104,std::sort,3780900
100,104,own sorting network,13451553900
100,104,openmp sorting network,10721800
100,104,sequential sorting network,11811500
100,104,std::sort,4608700
10,112,own sorting network,310118800
10,112,openmp sorting network,188200
10,112,sequential sorting network,184800
10,112,std::sort,84200
20,112,own sorting network,860673200
20,112,openmp sorting network,555600
20,112,sequential sorting network,539800
20,112,std::sort,244900
30,112,own sorting network,1648339200
30,112,openmp sorting network,1093200
30,112,sequential sorting network,1102600
30,112,std::sort,496800
40,112,own sorting network,2655719400
40,112,openmp sorting network,1987800
40,112,sequential sorting network,1960000
40,112,std::sort,923700
50,112,own sorting network,4001413300
50,112,openmp sorting network,2944200
50,112,sequential sorting network,2821200
50,112,std::sort,1306700
60,112,own sorting network,5632602800
60,112,openmp sorting network,3894800
60,112,sequential sorting network,3779400
60,112,std::sort,1744100
70,112,own sorting network,7450599700
70,112,openmp sorting network,5032100
70,112,sequential sorting network,4916600
70,112,std::sort,2255500
80,112,own sorting network,9547114800
80,112,openmp sorting network,6342200
80,112,sequential sorting network,6261300
80,112,std::sort,2870000
90,112,own sorting network,11868898000
90,112,openmp sorting network,7863800
90,112,sequential sorting network,7767400
90,112,std::sort,3543500
100,112,own sorting network,14419240800
100,112,openmp sorting network,9526000
100,112,sequential sorting network,9471600
100,112,std::sort,4298100
10,120,own sorting network,270741500
10,120,openmp sorting network,190700
10,120,sequential sorting network,188400
10,120,std::sort,86600
20,120,own sorting network,825594400
20,120,openmp sorting network,572700
20,120,sequential sorting network,579100
20,120,std::sort,259800
30,120,own sorting network,1599162100
30,120,openmp sorting network,1209000
30,120,sequential sorting network,1209900
30,120,std::sort,540000
40,120,own sorting network,2722240800
40,120,openmp sorting network,1960000
40,120,sequential sorting network,1960800
40,120,std::sort,891800
50,120,own sorting network,4050425000
50,120,openmp sorting network,2947400
50,120,sequential sorting network,2955300
50,120,std::sort,1330900
60,120,own sorting network,5766992400
60,120,openmp sorting network,4130800
60,120,sequential sorting network,4096500
60,120,std::sort,1860500
70,120,own sorting network,7828074600
70,120,openmp sorting network,5418200
70,120,sequential sorting network,5364200
70,120,std::sort,2436900
80,120,own sorting network,10089641600
80,120,openmp sorting network,6910600
80,120,sequential sorting network,6853200
80,120,std::sort,3113500
90,120,own sorting network,12469298700
90,120,openmp sorting network,8689300
90,120,sequential sorting network,8635100
90,120,std::sort,3915500
100,120,own sorting network,15222841900
100,120,openmp sorting network,10549000
100,120,sequential sorting network,10492100
100,120,std::sort,4728900
10,128,own sorting network,307631400
10,128,openmp sorting network,204000
10,128,sequential sorting network,202800
10,128,std::sort,96100
20,128,own sorting network,900484000
20,128,openmp sorting network,609300
20,128,sequential sorting network,613700
20,128,std::sort,276700
30,128,own sorting network,1779273000
30,128,openmp sorting network,1261300
30,128,sequential sorting network,1253200
30,128,std::sort,564000
40,128,own sorting network,3030083900
40,128,openmp sorting network,2167500
40,128,sequential sorting network,2157900
40,128,std::sort,973200
50,128,own sorting network,4488747900
50,128,openmp sorting network,3199800
50,128,sequential sorting network,3190700
50,128,std::sort,1442000
60,128,own sorting network,6307904800
60,128,openmp sorting network,4408200
60,128,sequential sorting network,4429100
60,128,std::sort,2009000
70,128,own sorting network,8442400900
70,128,openmp sorting network,5781100
70,128,sequential sorting network,5808100
70,128,std::sort,2629900
80,128,own sorting network,10835418100
80,128,openmp sorting network,7483400
80,128,sequential sorting network,7539500
80,128,std::sort,3439800
90,128,own sorting network,13325359600
90,128,openmp sorting network,9672500
90,128,sequential sorting network,9585900
90,128,std::sort,4404200
100,128,own sorting network,16166069200
100,128,openmp sorting network,11760500
100,128,sequential sorting network,11672800
100,128,std::sort,5328700
10,136,own sorting network,428622600
10,136,openmp sorting network,263300
10,136,sequential sorting network,248900
10,136,std::sort,98000
20,136,own sorting network,1177826600
20,136,openmp sorting network,851500
20,136,sequential sorting network,799400
20,136,std::sort,313200
30,136,own sorting network,2384060600
30,136,openmp sorting network,1691200
30,136,sequential sorting network,1594700
30,136,std::sort,618100
40,136,own sorting network,3926084400
40,136,openmp sorting network,2720000
40,136,sequential sorting network,2625300
40,136,std::sort,1036000
50,136,own sorting network,5852471800
50,136,openmp sorting network,3981600
50,136,sequential sorting network,3929700
50,136,std::sort,1538300
60,136,own sorting network,8217227100
60,136,openmp sorting network,5658200
60,136,sequential sorting network,5577600
60,136,std::sort,2193000
70,136,own sorting network,10932381300
70,136,openmp sorting network,8021000
70,136,sequential sorting network,7518000
70,136,std::sort,2945600
80,136,own sorting network,13793190800
80,136,openmp sorting network,10544600
80,136,sequential sorting network,9879100
80,136,std::sort,3837700
90,136,own sorting network,17161012700
90,136,openmp sorting network,13209100
90,136,sequential sorting network,13002400
90,136,std::sort,4975100
100,136,own sorting network,21144191000
100,136,openmp sorting network,16629900
100,136,sequential sorting network,16772800
100,136,std::sort,6144300
10,144,own sorting network,347832800
10,144,openmp sorting network,343900
10,144,sequential sorting network,307300
10,144,std::sort,139700
20,144,own sorting network,1009375400
20,144,openmp sorting network,937100
20,144,sequential sorting network,1436300
20,144,std::sort,376600
30,144,own sorting network,1977205300
30,144,openmp sorting network,1832800
30,144,sequential sorting network,2608600
30,144,std::sort,1003000
40,144,own sorting network,3234836600
40,144,openmp sorting network,2977900
40,144,sequential sorting network,3747700
40,144,std::sort,1469200
50,144,own sorting network,4981221900
50,144,openmp sorting network,4413900
50,144,sequential sorting network,5183100
50,144,std::sort,2044400
60,144,own sorting network,6886361600
60,144,openmp sorting network,6075400
60,144,sequential sorting network,6946600
60,144,std::sort,2711000
70,144,own sorting network,9030499100
70,144,openmp sorting network,8104600
70,144,sequential sorting network,8973600
70,144,std::sort,3853000
80,144,own sorting network,11600466900
80,144,openmp sorting network,10247100
80,144,sequential sorting network,11163900
80,144,std::sort,4703600
90,144,own sorting network,14424704900
90,144,openmp sorting network,12736300
90,144,sequential sorting network,13583200
90,144,std::sort,5690300
100,144,own sorting network,18036211300
100,144,openmp sorting network,15681500
100,144,sequential sorting network,16785100
100,144,std::sort,7965000
10,152,own sorting network,344609300
10,152,openmp sorting network,369100
10,152,sequential sorting network,337000
10,152,std::sort,142200
20,152,own sorting network,1105542300
20,152,openmp sorting network,1035000
20,152,sequential sorting network,965600
20,152,std::sort,373200
30,152,own sorting network,2189730100
30,152,openmp sorting network,1952600
30,152,sequential sorting network,2017500
30,152,std::sort,724100
40,152,own sorting network,3589822900
40,152,openmp sorting network,3146000
40,152,sequential sorting network,3188900
40,152,std::sort,1175800
50,152,own sorting network,5366542800
50,152,openmp sorting network,4542900
50,152,sequential sorting network,4611200
50,152,std::sort,1735100
60,152,own sorting network,7593171900
60,152,openmp sorting network,6218400
60,152,sequential sorting network,6281200
60,152,std::sort,2392500
70,152,own sorting network,10164517000
70,152,openmp sorting network,8297900
70,152,sequential sorting network,8284800
70,152,std::sort,3191400
80,152,own sorting network,13095018700
80,152,openmp sorting network,10523400
80,152,sequential sorting network,10537400
80,152,std::sort,4078400
90,152,own sorting network,16455545400
90,152,openmp sorting network,13071800
90,152,sequential sorting network,13056600
90,152,std::sort,5115500
100,152,own sorting network,20106845100
100,152,openmp sorting network,16105800
100,152,sequential sorting network,16561700
100,152,std::sort,6650200
10,160,own sorting network,364630700
10,160,openmp sorting network,314100
10,160,sequential sorting network,309600
10,160,std::sort,123000
20,160,own sorting network,1125090400
20,160,openmp sorting network,914200
20,160,sequential sorting network,926000
20,160,std::sort,359200
30,160,own sorting network,2253817500
30,160,openmp sorting network,1802500
30,160,sequential sorting network,1811200
30,160,std::sort,719100
40,160,own sorting network,3778110900
40,160,openmp sorting network,2954300
40,160,sequential sorting network,2953100
40,160,std::sort,1191900
50,160,own sorting network,5656086100
50,160,openmp sorting network,4391900
50,160,sequential sorting network,4387700
50,160,std::sort,1771700
60,160,own sorting network,7898739800
60,160,openmp sorting network,6141400
60,160,sequential sorting network,6104800
60,160,std::sort,2459200
70,160,own sorting network,10578982900
70,160,openmp sorting network,8335500
70,160,sequential sorting network,8262300
70,160,std::sort,3331400
80,160,own sorting network,13559137900
80,160,openmp sorting network,10760800
80,160,sequential sorting network,10671900
80,160,std::sort,4458500
90,160,own sorting network,16897296900
90,160,openmp sorting network,13526700
90,160,sequential sorting network,13422800
90,160,std::sort,5543000
100,160,own sorting network,20678325800
100,160,openmp sorting network,16484200
100,160,sequential sorting network,16343600
100,160,std::sort,6730100
10,168,own sorting network,399261900
10,168,openmp sorting network,317000
10,168,sequential sorting network,312600
10,168,std::sort,124800
20,168,own sorting network,1189550800
20,168,openmp sorting network,1004500
20,168,sequential sorting network,998900
20,168,std::sort,387400
30,168,own sorting network,2413606500
30,168,openmp sorting network,1940700
30,168,sequential sorting network,1930300
30,168,std::sort,767500
40,168,own sorting network,3998313800
40,168,openmp sorting network,3398300
40,168,sequential sorting network,3495300
40,168,std::sort,1284100
50,168,own sorting network,5987030500
50,168,openmp sorting network,4977900
50,168,sequential sorting network,5055900
50,168,std::sort,1911500
60,168,own sorting network,8315834200
60,168,openmp sorting network,6907100
60,168,sequential sorting network,6952900
60,168,std::sort,2671000
70,168,own sorting network,10937127600
70,168,openmp sorting network,9238200
70,168,sequential sorting network,9304700
70,168,std::sort,3590400
80,168,own sorting network,14150255100
80,168,openmp sorting network,11763300
80,168,sequential sorting network,11787300
80,168,std::sort,4589200
90,168,own sorting network,17856843400
90,168,openmp sorting network,14633300
90,168,sequential sorting network,14743700
90,168,std::sort,5712600
100,168,own sorting network,21893108700
100,168,openmp sorting network,17849900
100,168,sequential sorting network,17928300
100,168,std::sort,7039100
10,176,own sorting network,419951700
10,176,openmp sorting network,380800
10,176,sequential sorting network,337700
10,176,std::sort,136200
20,176,own sorting network,1182686100
20,176,openmp sorting network,1101200
20,176,sequential sorting network,1056600
20,176,std::sort,413200
30,176,own sorting network,2426320200
30,176,openmp sorting network,2137000
30,176,sequential sorting network,2060400
30,176,std::sort,823300
40,176,own sorting network,4019061900
40,176,openmp sorting network,3477400
40,176,sequential sorting network,3404100
40,176,std::sort,1360200
50,176,own sorting network,6343667500
50,176,openmp sorting network,5317300
50,176,sequential sorting network,5084300
50,176,std::sort,2095800
60,176,own sorting network,8940751900
60,176,openmp sorting network,7409200
60,176,sequential sorting network,7193400
60,176,std::sort,2922900
70,176,own sorting network,11735703100
70,176,openmp sorting network,9918000
70,176,sequential sorting network,9535800
70,176,std::sort,3871400
80,176,own sorting network,14860547700
80,176,openmp sorting network,12714000
80,176,sequential sorting network,12328800
80,176,std::sort,4984600
90,176,own sorting network,18333885100
90,176,openmp sorting network,15748700
90,176,sequential sorting network,15376600
90,176,std::sort,6196400
100,176,own sorting network,22243226700
100,176,openmp sorting network,19304500
100,176,sequential sorting network,18739200
100,176,std::sort,7541900
10,184,own sorting network,372968200
10,184,openmp sorting network,363600
10,184,sequential sorting network,353600
10,184,std::sort,187800
20,184,own sorting network,1181506500
20,184,openmp sorting network,1084700
20,184,sequential sorting network,1065900
20,184,std::sort,470300
30,184,own sorting network,2434225900
30,184,openmp sorting network,2146300
30,184,sequential sorting network,2134200
30,184,std::sort,894800
40,184,own sorting network,4058933800
40,184,openmp sorting network,3557300
40,184,sequential sorting network,3552000
40,184,std::sort,1488600
50,184,own sorting network,6008477400
50,184,openmp sorting network,5383400
50,184,sequential sorting network,5409900
50,184,std::sort,2224400
60,184,own sorting network,8263228600
60,184,openmp sorting network,7552400
60,184,sequential sorting network,7674000
60,184,std::sort,3156300
70,184,own sorting network,11069189500
70,184,openmp sorting network,10066700
70,184,sequential sorting network,10142700
70,184,std::sort,4145100
80,184,own sorting network,14228359100
80,184,openmp sorting network,12943700
80,184,sequential sorting network,12968600
80,184,std::sort,5281900
90,184,own sorting network,17701365100
90,184,openmp sorting network,16122800
90,184,sequential sorting network,16139800
90,184,std::sort,6636900
100,184,own sorting network,21682597700
100,184,openmp sorting network,19693500
100,184,sequential sorting network,19666900
100,184,std::sort,8055900
10,192,own sorting network,412610900
10,192,openmp sorting network,386700
10,192,sequential sorting network,375100
10,192,std::sort,149300
20,192,own sorting network,1223929400
20,192,openmp sorting network,1114800
20,192,sequential sorting network,1123100
20,192,std::sort,440700
30,192,own sorting network,2415060300
30,192,openmp sorting network,2227400
30,192,sequential sorting network,2266300
30,192,std::sort,907800
40,192,own sorting network,4088673000
40,192,openmp sorting network,3738000
40,192,sequential sorting network,3741400
40,192,std::sort,1507600
50,192,own sorting network,6127947500
50,192,openmp sorting network,5640400
50,192,sequential sorting network,5596900
50,192,std::sort,2272100
60,192,own sorting network,8513895700
60,192,openmp sorting network,7885400
60,192,sequential sorting network,7808600
60,192,std::sort,3199000
70,192,own sorting network,11232451200
70,192,openmp sorting network,10416900
70,192,sequential sorting network,10323100
70,192,std::sort,4215400
80,192,own sorting network,14448712800
80,192,openmp sorting network,13378800
80,192,sequential sorting network,13272100
80,192,std::sort,5440600
90,192,own sorting network,18104613700
90,192,openmp sorting network,16628700
90,192,sequential sorting network,16479600
90,192,std::sort,6749600
100,192,own sorting network,22143852300
100,192,openmp sorting network,20254800
100,192,sequential sorting network,20128900
100,192,std::sort,8203800
10,200,own sorting network,430515800
10,200,openmp sorting network,409300
10,200,sequential sorting network,382900
10,200,std::sort,167000
20,200,own sorting network,1267796500
20,200,openmp sorting network,1170400
20,200,sequential sorting network,1164000
20,200,std::sort,470000
30,200,own sorting network,2463138000
30,200,openmp sorting network,2317400
30,200,sequential sorting network,2311500
30,200,std::sort,929800
40,200,own sorting network,4218532100
40,200,openmp sorting network,3844500
40,200,sequential sorting network,3826900
40,200,std::sort,1558500
50,200,own sorting network,6257372700
50,200,openmp sorting network,5776400
50,200,sequential sorting network,5744500
50,200,std::sort,2322700
60,200,own sorting network,8651453000
60,200,openmp sorting network,9378300
60,200,sequential sorting network,8245600
60,200,std::sort,3315900
70,200,own sorting network,11296512800
70,200,openmp sorting network,12213100
70,200,sequential sorting network,11105700
70,200,std::sort,4447400
80,200,own sorting network,14232352300
80,200,openmp sorting network,15529100
80,200,sequential sorting network,14648200
80,200,std::sort,5772100
90,200,own sorting network,17444022700
90,200,openmp sorting network,18988100
90,200,sequential sorting network,18050200
90,200,std::sort,7192800
100,200,own sorting network,21347464000
100,200,openmp sorting network,22799700
100,200,sequential sorting network,21817300
100,200,std::sort,8715700
10,208,own sorting network,430267000
10,208,openmp sorting network,409600
10,208,sequential sorting network,395900
10,208,std::sort,160300
20,208,own sorting network,1229399200
20,208,openmp sorting network,1240900
20,208,sequential sorting network,1187700
20,208,std::sort,478000
30,208,own sorting network,2528685600
30,208,openmp sorting network,3553000
30,208,sequential sorting network,2833100
30,208,std::sort,3562000
40,208,own sorting network,4415384600
40,208,openmp sorting network,5182400
40,208,sequential sorting network,4421500
40,208,std::sort,4207000
50,208,own sorting network,7052706200
50,208,openmp sorting network,7281900
50,208,sequential sorting network,6541500
50,208,std::sort,5075900
60,208,own sorting network,10763830000
60,208,openmp sorting network,9586300
60,208,sequential sorting network,8831800
60,208,std::sort,6016700
70,208,own sorting network,15508603700
70,208,openmp sorting network,12310100
70,208,sequential sorting network,11521700
70,208,std::sort,7132400
80,208,own sorting network,20472982600
80,208,openmp sorting network,15575200
80,208,sequential sorting network,14837900
80,208,std::sort,8495100
90,208,own sorting network,25123976900
90,208,openmp sorting network,19788000
90,208,sequential sorting network,20304000
90,208,std::sort,10146100
100,208,own sorting network,30198900700
100,208,openmp sorting network,26731900
100,208,sequential sorting network,28302000
100,208,std::sort,12765000
10,216,own sorting network,488908500
10,216,openmp sorting network,447200
10,216,sequential sorting network,427300
10,216,std::sort,173100
20,216,own sorting network,1316746300
20,216,openmp sorting network,1574400
20,216,sequential sorting network,1483800
20,216,std::sort,669800
30,216,own sorting network,2723998100
30,216,openmp sorting network,3013200
30,216,sequential sorting network,2914300
30,216,std::sort,1250400
40,216,own sorting network,4454709500
40,216,openmp sorting network,4931000
40,216,sequential sorting network,4802000
40,216,std::sort,2037200
50,216,own sorting network,6859306400
50,216,openmp sorting network,7004800
50,216,sequential sorting network,6866500
50,216,std::sort,2890600
60,216,own sorting network,9469537400
60,216,openmp sorting network,9592200
60,216,sequential sorting network,9444800
60,216,std::sort,3937900
70,216,own sorting network,12746640200
70,216,openmp sorting network,12634000
70,216,sequential sorting network,12651400
70,216,std::sort,5163800
80,216,own sorting network,16589741500
80,216,openmp sorting network,16070500
80,216,sequential sorting network,15966300
80,216,std::sort,6496200
90,216,own sorting network,20848198000
90,216,openmp sorting network,19986300
90,216,sequential sorting network,19903900
90,216,std::sort,8237600
100,216,own sorting network,25778077400
100,216,openmp sorting network,25381500
100,216,sequential sorting network,25251900
100,216,std::sort,9979700
10,224,own sorting network,522572700
10,224,openmp sorting network,438900
10,224,sequential sorting network,448100
10,224,std::sort,181500
20,224,own sorting network,1416514900
20,224,openmp sorting network,1347200
20,224,sequential sorting network,1644000
20,224,std::sort,549300
30,224,own sorting network,2980861800
30,224,openmp sorting network,2658200
30,224,sequential sorting network,2936000
30,224,std::sort,1064400
40,224,own sorting network,5058065600
40,224,openmp sorting network,4422500
40,224,sequential sorting network,4701800
40,224,std::sort,1781800
50,224,own sorting network,7371387800
50,224,openmp sorting network,7603000
50,224,sequential sorting network,7081800
50,224,std::sort,2698500
60,224,own sorting network,10041565300
60,224,openmp sorting network,10235400
60,224,sequential sorting network,9742000
60,224,std::sort,3770400
70,224,own sorting network,13181229400
70,224,openmp sorting network,13390600
70,224,sequential sorting network,12925200
70,224,std::sort,5240600
80,224,own sorting network,17052871200
80,224,openmp sorting network,16788300
80,224,sequential sorting network,16364200
80,224,std::sort,6609200
90,224,own sorting network,21710406800
90,224,openmp sorting network,20548400
90,224,sequential sorting network,20080800
90,224,std::sort,8150100
100,224,own sorting network,27169882100
100,224,openmp sorting network,24893000
100,224,sequential sorting network,24245300
100,224,std::sort,9864300
10,232,own sorting network,588818300
10,232,openmp sorting network,444500
10,232,sequential sorting network,465200
10,232,std::sort,177200
20,232,own sorting network,1572728800
20,232,openmp sorting network,1395700
20,232,sequential sorting network,1406100
20,232,std::sort,554400
30,232,own sorting network,3160322200
30,232,openmp sorting network,2760200
30,232,sequential sorting network,2797900
30,232,std::sort,1105100
40,232,own sorting network,5299664100
40,232,openmp sorting network,5172400
40,232,sequential sorting network,4773900
40,232,std::sort,1823800
50,232,own sorting network,7792452900
50,232,openmp sorting network,7360600
50,232,sequential sorting network,6937000
50,232,std::sort,2721400
60,232,own sorting network,11197165200
60,232,openmp sorting network,9912000
60,232,sequential sorting network,9528500
60,232,std::sort,3757900
70,232,own sorting network,15199182100
70,232,openmp sorting network,12995900
70,232,sequential sorting network,12867700
70,232,std::sort,5026700
80,232,own sorting network,19715448100
80,232,openmp sorting network,16463900
80,232,sequential sorting network,16365300
80,232,std::sort,6434600
90,232,own sorting network,25141704400
90,232,openmp sorting network,20588700
90,232,sequential sorting network,20489700
90,232,std::sort,8138600
100,232,own sorting network,31964346400
100,232,openmp sorting network,25178900
100,232,sequential sorting network,25080500
100,232,std::sort,9977800
10,240,own sorting network,756634000
10,240,openmp sorting network,458200
10,240,sequential sorting network,460300
10,240,std::sort,183200
20,240,own sorting network,2204234300
20,240,openmp sorting network,1386100
20,240,sequential sorting network,1395800
20,240,std::sort,557000
30,240,own sorting network,4505056700
30,240,openmp sorting network,2821200
30,240,sequential sorting network,2742600
30,240,std::sort,1111600
40,240,own sorting network,7326998200
40,240,openmp sorting network,4797100
40,240,sequential sorting network,4789300
40,240,std::sort,1934500
50,240,own sorting network,10990855500
50,240,openmp sorting network,7056600
50,240,sequential sorting network,7033700
50,240,std::sort,2876400
60,240,own sorting network,15285835800
60,240,openmp sorting network,9759600
60,240,sequential sorting network,9756900
60,240,std::sort,3976000
70,240,own sorting network,20397537100
70,240,openmp sorting network,12910600
70,240,sequential sorting network,12932700
70,240,std::sort,5260000
80,240,own sorting network,26260885800
80,240,openmp sorting network,16553800
80,240,sequential sorting network,16653600
80,240,std::sort,6736900
90,240,own sorting network,32723243100
90,240,openmp sorting network,20637200
90,240,sequential sorting network,20674600
90,240,std::sort,8380900
100,240,own sorting network,39033968100
100,240,openmp sorting network,25177900
100,240,sequential sorting network,25169100
100,240,std::sort,10217800
10,248,own sorting network,605877900
10,248,openmp sorting network,481400
10,248,sequential sorting network,475500
10,248,std::sort,187900
20,248,own sorting network,1825956600
20,248,openmp sorting network,1474600
20,248,sequential sorting network,1442200
20,248,std::sort,578400
30,248,own sorting network,3605326600
30,248,openmp sorting network,2925800
30,248,sequential sorting network,2900300
30,248,std::sort,1158000
40,248,own sorting network,6116995300
40,248,openmp sorting network,4791100
40,248,sequential sorting network,4776800
40,248,std::sort,1921900
50,248,own sorting network,9258489500
50,248,openmp sorting network,7314700
50,248,sequential sorting network,7228400
50,248,std::sort,2918000
60,248,own sorting network,12839088000
60,248,openmp sorting network,10257600
60,248,sequential sorting network,10135700
60,248,std::sort,4084400
70,248,own sorting network,16899012200
70,248,openmp sorting network,13523500
70,248,sequential sorting network,13419700
70,248,std::sort,5559800
80,248,own sorting network,21501212200
80,248,openmp sorting network,17271500
80,248,sequential sorting network,17191300
80,248,std::sort,7081200
90,248,own sorting network,26976335400
90,248,openmp sorting network,21821800
90,248,sequential sorting network,21645700
90,248,std::sort,8847500
100,248,own sorting network,33337079700
100,248,openmp sorting network,26477900
100,248,sequential sorting network,26570500
100,248,std::sort,10765400
10,256,own sorting network,734140000
10,256,openmp sorting network,510800
10,256,sequential sorting network,500000
10,256,std::sort,199000
20,256,own sorting network,2314720600
20,256,openmp sorting network,1463300
20,256,sequential sorting network,1466300
20,256,std::sort,587200
30,256,own sorting network,4369516300
30,256,openmp sorting network,3016000
30,256,sequential sorting network,2993500
30,256,std::sort,1211200
40,256,own sorting network,7169419400
40,256,openmp sorting network,4929800
40,256,sequential sorting network,4878000
40,256,std::sort,1973100
50,256,own sorting network,10780553800
50,256,openmp sorting network,7528300
50,256,sequential sorting network,7441500
50,256,std::sort,3102300
60,256,own sorting network,14646319000
60,256,openmp sorting network,10455000
60,256,sequential sorting network,10344200
60,256,std::sort,4301900
70,256,own sorting network,18985213300
70,256,openmp sorting network,13939700
70,256,sequential sorting network,13854100
70,256,std::sort,6146200
80,256,own sorting network,24140955000
80,256,openmp sorting network,17839500
80,256,sequential sorting network,17783100
80,256,std::sort,7717200
90,256,own sorting network,30353454000
90,256,openmp sorting network,22102400
90,256,sequential sorting network,22095100
90,256,std::sort,9462800
100,256,own sorting network,37567318100
100,256,openmp sorting network,27124700
100,256,sequential sorting network,27038400
100,256,std::sort,11430700
10,8,own sorting network,5507600
10,8,openmp sorting network,5000
10,8,sequential sorting network,4300
10,8,std::sort,3100
20,8,own sorting network,16229200
20,8,openmp sorting network,12400
20,8,sequential sorting network,11700
20,8,std::sort,8300
30,8,own sorting network,32706900
30,8,openmp sorting network,23200
30,8,sequential sorting network,22200
30,8,std::sort,17000
40,8,own sorting network,54225100
40,8,openmp sorting network,37000
40,8,sequential sorting network,36400
40,8,std::sort,27100
50,8,own sorting network,81433400
50,8,openmp sorting network,55000
50,8,sequential sorting network,53600
50,8,std::sort,40400
60,8,own sorting network,113738800
60,8,openmp sorting network,75400
60,8,sequential sorting network,75200
60,8,std::sort,73300
70,8,own sorting network,152041100
70,8,openmp sorting network,100400
70,8,sequential sorting network,99400
70,8,std::sort,90500
80,8,own sorting network,195061500
80,8,openmp sorting network,127600
80,8,sequential sorting network,135300
80,8,std::sort,109600
90,8,own sorting network,243074900
90,8,openmp sorting network,157200
90,8,sequential sorting network,165000
90,8,std::sort,130600
100,8,own sorting network,297039800
100,8,openmp sorting network,191600
100,8,sequential sorting network,198700
100,8,std::sort,155900
10,16,own sorting network,18686300
10,16,openmp sorting network,11400
10,16,sequential sorting network,11700
10,16,std::sort,6700
20,16,own sorting network,55359300
20,16,openmp sorting network,34200
20,16,sequential sorting network,34000
20,16,std::sort,18700
30,16,own sorting network,108957200
30,16,openmp sorting network,67900
30,16,sequential sorting network,66700
30,16,std::sort,37400
40,16,own sorting network,181427500
40,16,openmp sorting network,136500
40,16,sequential sorting network,108900
40,16,std::sort,61700
50,16,own sorting network,271479000
50,16,openmp sorting network,189300
50,16,sequential sorting network,170500
50,16,std::sort,91800
60,16,own sorting network,378726800
60,16,openmp sorting network,250700
60,16,sequential sorting network,231300
60,16,std::sort,125900
70,16,own sorting network,501656100
70,16,openmp sorting network,321400
70,16,sequential sorting network,301400
70,16,std::sort,166500
80,16,own sorting network,642373300
80,16,openmp sorting network,403600
80,16,sequential sorting network,383300
80,16,std::sort,211800
90,16,own sorting network,806426600
90,16,openmp sorting network,496600
90,16,sequential sorting network,476300
90,16,std::sort,264300
100,16,own sorting network,983664600
100,16,openmp sorting network,611100
100,16,sequential sorting network,577200
100,16,std::sort,321900
10,24,own sorting network,38971700
10,24,openmp sorting network,23100
10,24,sequential sorting network,21000
10,24,std::sort,12100
20,24,own sorting network,118142600
20,24,openmp sorting network,66200
20,24,sequential sorting network,62400
20,24,std::sort,37000
30,24,own sorting network,239332200
30,24,openmp sorting network,127300
30,24,sequential sorting network,122900
30,24,std::sort,73000
40,24,own sorting network,397206800
40,24,openmp sorting network,208000
40,24,sequential sorting network,202400
40,24,std::sort,118400
50,24,own sorting network,596216400
50,24,openmp sorting network,311000
50,24,sequential sorting network,305300
50,24,std::sort,178500
60,24,own sorting network,842183200
60,24,openmp sorting network,433200
60,24,sequential sorting network,437500
60,24,std::sort,249400
70,24,own sorting network,1129397500
70,24,openmp sorting network,571200
70,24,sequential sorting network,575300
70,24,std::sort,330100
80,24,own sorting network,1448610600
80,24,openmp sorting network,730400
80,24,sequential sorting network,738800
80,24,std::sort,424400
90,24,own sorting network,1807981100
90,24,openmp sorting network,918600
90,24,sequential sorting network,919400
90,24,std::sort,529100
100,24,own sorting network,2229519800
100,24,openmp sorting network,1136400
100,24,sequential sorting network,1149400
100,24,std::sort,657400
10,32,own sorting network,59227600
10,32,openmp sorting network,33600
10,32,sequential sorting network,33700
10,32,std::sort,20300
20,32,own sorting network,174024600
20,32,openmp sorting network,95100
20,32,sequential sorting network,94500
20,32,std::sort,56500
30,32,own sorting network,340825900
30,32,openmp sorting network,184800
30,32,sequential sorting network,194600
30,32,std::sort,109000
40,32,own sorting network,555794300
40,32,openmp sorting network,299500
40,32,sequential sorting network,309200
40,32,std::sort,186300
50,32,own sorting network,819858900
50,32,openmp sorting network,445400
50,32,sequential sorting network,453700
50,32,std::sort,270700
60,32,own sorting network,1149755800
60,32,openmp sorting network,623300
60,32,sequential sorting network,657500
60,32,std::sort,376900
70,32,own sorting network,1530605700
70,32,openmp sorting network,821700
70,32,sequential sorting network,865500
70,32,std::sort,492700
80,32,own sorting network,1959639400
80,32,openmp sorting network,1049100
80,32,sequential sorting network,1093200
80,32,std::sort,633300
90,32,own sorting network,2437711700
90,32,openmp sorting network,1312500
90,32,sequential sorting network,1348600
90,32,std::sort,780700
100,32,own sorting network,2970243100
100,32,openmp sorting network,1620900
100,32,sequential sorting network,1635900
100,32,std::sort,950000
10,40,own sorting network,93069100
10,40,openmp sorting network,48400
10,40,sequential sorting network,46600
10,40,std::sort,23800
20,40,own sorting network,275686800
20,40,openmp sorting network,139400
20,40,sequential sorting network,136200
20,40,std::sort,69300
30,40,own sorting network,550506000
30,40,openmp sorting network,272800
30,40,sequential sorting network,267500
30,40,std::sort,136000
40,40,own sorting network,925794000
40,40,openmp sorting network,464100
40,40,sequential sorting network,457100
40,40,std::sort,231200
50,40,own sorting network,1403426900
50,40,openmp sorting network,686000
50,40,sequential sorting network,677800
50,40,std::sort,341400
60,40,own sorting network,1959343200
60,40,openmp sorting network,951600
60,40,sequential sorting network,953500
60,40,std::sort,476800
70,40,own sorting network,2608006400
70,40,openmp sorting network,1259600
70,40,sequential sorting network,1273200
70,40,std::sort,633100
80,40,own sorting network,3345995600
80,40,openmp sorting network,1605200
80,40,sequential sorting network,1626700
80,40,std::sort,808700
90,40,own sorting network,4168332100
90,40,openmp sorting network,2002100
90,40,sequential sorting network,2014900
90,40,std::sort,1004500
100,40,own sorting network,5079261800
100,40,openmp sorting network,2435300
100,40,sequential sorting network,2457700
100,40,std::sort,1221900
10,48,own sorting network,108382400
10,48,openmp sorting network,59600
10,48,sequential sorting network,58500
10,48,std::sort,29100
20,48,own sorting network,324199900
20,48,openmp sorting network,171200
20,48,sequential sorting network,169100
20,48,std::sort,85200
30,48,own sorting network,660551800
30,48,openmp sorting network,346400
30,48,sequential sorting network,341800
30,48,std::sort,172400
40,48,own sorting network,1101554100
40,48,openmp sorting network,571800
40,48,sequential sorting network,566600
40,48,std::sort,293500
50,48,own sorting network,1667874500
50,48,openmp sorting network,883000
50,48,sequential sorting network,866000
50,48,std::sort,447900
60,48,own sorting network,2347137700
60,48,openmp sorting network,1219000
60,48,sequential sorting network,1189700
60,48,std::sort,623700
70,48,own sorting network,3119053400
70,48,openmp sorting network,1603300
70,48,sequential sorting network,1562900
70,48,std::sort,814500
80,48,own sorting network,3990399000
80,48,openmp sorting network,2038300
80,48,sequential sorting network,2007900
80,48,std::sort,1034000
90,48,own sorting network,4974838800
90,48,openmp sorting network,2541900
90,48,sequential sorting network,2512500
90,48,std::sort,1285600
100,48,own sorting network,6086794300
100,48,openmp sorting network,3121300
100,48,sequential sorting network,3086700
100,48,std::sort,1599500
10,56,own sorting network,131771000
10,56,openmp sorting network,71800
10,56,sequential sorting network,70000
10,56,std::sort,34800
20,56,own sorting network,389087500
20,56,openmp sorting network,205700
20,56,sequential sorting network,201700
20,56,std::sort,110900
30,56,own sorting network,766926400
30,56,openmp sorting network,404400
30,56,sequential sorting network,400100
30,56,std::sort,210300
40,56,own sorting network,1271267700
40,56,openmp sorting network,698200
40,56,sequential sorting network,690900
40,56,std::sort,357900
50,56,own sorting network,1944470600
50,56,openmp sorting network,1038700
50,56,sequential sorting network,1038500
50,56,std::sort,530900
60,56,own sorting network,2721560000
60,56,openmp sorting network,1448300
60,56,sequential sorting network,1437900
60,56,std::sort,743800
70,56,own sorting network,3594882500
70,56,openmp sorting network,1934400
70,56,sequential sorting network,1934800
70,56,std::sort,974800
80,56,own sorting network,4579947800
80,56,openmp sorting network,2458400
80,56,sequential sorting network,2457500
80,56,std::sort,1234800
90,56,own sorting network,5715887300
90,56,openmp sorting network,3052100
90,56,sequential sorting network,3076900
90,56,std::sort,1532000
100,56,own sorting network,6974189300
100,56,openmp sorting network,3701800
100,56,sequential sorting network,3712900
100,56,std::sort,1851200
10,64,own sorting network,138669200
10,64,openmp sorting network,80400
10,64,sequential sorting network,78500
10,64,std::sort,39300
20,64,own sorting network,428358900
20,64,openmp sorting network,238300
20,64,sequential sorting network,243600
20,64,std::sort,118700
30,64,own sorting network,852770300
30,64,openmp sorting network,473600
30,64,sequential sorting network,478600
30,64,std::sort,235800
40,64,own sorting network,1430159400
40,64,openmp sorting network,813600
40,64,sequential sorting network,821700
40,64,std::sort,402200
50,64,own sorting network,2151516500
50,64,openmp sorting network,1192700
50,64,sequential sorting network,1215700
50,64,std::sort,620200
60,64,own sorting network,2995999400
60,64,openmp sorting network,1699800
60,64,sequential sorting network,1712300
60,64,std::sort,881000
70,64,own sorting network,3991067900
70,64,openmp sorting network,2302100
70,64,sequential sorting network,2248500
70,64,std::sort,1160400
80,64,own sorting network,5105482900
80,64,openmp sorting network,2918900
80,64,sequential sorting network,2943400
80,64,std::sort,1468700
90,64,own sorting network,6370359100
90,64,openmp sorting network,3608300
90,64,sequential sorting network,3641700
90,64,std::sort,1825000
100,64,own sorting network,7756542100
100,64,openmp sorting network,4447600
100,64,sequential sorting network,4501100
100,64,std::sort,2243800
10,72,own sorting network,206644700
10,72,openmp sorting network,117000
10,72,sequential sorting network,115400
10,72,std::sort,49700
20,72,own sorting network,625744500
20,72,openmp sorting network,334700
20,72,sequential sorting network,332600
20,72,std::sort,145500
30,72,own sorting network,1254282800
30,72,openmp sorting network,654100
30,72,sequential sorting network,649700
30,72,std::sort,294400
40,72,own sorting network,2085999200
40,72,openmp sorting network,1061500
40,72,sequential sorting network,1090300
40,72,std::sort,472700
50,72,own sorting network,3106239400
50,72,openmp sorting network,1604200
50,72,sequential sorting network,1624600
50,72,std::sort,707200
60,72,own sorting network,4386257400
60,72,openmp sorting network,2234500
60,72,sequential sorting network,2244700
60,72,std::sort,980900
70,72,own sorting network,5830270200
70,72,openmp sorting network,2971500
70,72,sequential sorting network,2944900
70,72,std::sort,1285300
80,72,own sorting network,7500432700
80,72,openmp sorting network,3788900
80,72,sequential sorting network,3786600
80,72,std::sort,1638700
90,72,own sorting network,9353055700
90,72,openmp sorting network,4757800
90,72,sequential sorting network,4758800
90,72,std::sort,2047900
100,72,own sorting network,11401246400
100,72,openmp sorting network,5789300
100,72,sequential sorting network,5804300
100,72,std::sort,2487100
10,80,own sorting network,227982300
10,80,openmp sorting network,120300
10,80,sequential sorting network,118100
10,80,std::sort,52400
20,80,own sorting network,689046600
20,80,openmp sorting network,400000
20,80,sequential sorting network,349200
20,80,std::sort,154200
30,80,own sorting network,1377064800
30,80,openmp sorting network,735900
30,80,sequential sorting network,720400
30,80,std::sort,303300
40,80,own sorting network,2293391700
40,80,openmp sorting network,1191200
40,80,sequential sorting network,1187300
40,80,std::sort,505000
50,80,own sorting network,3440517800
50,80,openmp sorting network,1796400
50,80,sequential sorting network,1764600
50,80,std::sort,757100
60,80,own sorting network,4825563500
60,80,openmp sorting network,2482000
60,80,sequential sorting network,2453100
60,80,std::sort,1059400
70,80,own sorting network,6400120300
70,80,openmp sorting network,3269100
70,80,sequential sorting network,3277000
70,80,std::sort,1403400
80,80,own sorting network,8187774800
80,80,openmp sorting network,4301900
80,80,sequential sorting network,4195000
80,80,std::sort,1815200
90,80,own sorting network,10218966200
90,80,openmp sorting network,5301300
90,80,sequential sorting network,5217700
90,80,std::sort,2266600
100,80,own sorting network,12434991700
100,80,openmp sorting network,6573400
100,80,sequential sorting network,6527200
100,80,std::sort,2825600
10,88,own sorting network,260718200
10,88,openmp sorting network,143300
10,88,sequential sorting network,141100
10,88,std::sort,63000
20,88,own sorting network,758970600
20,88,openmp sorting network,407400
20,88,sequential sorting network,431400
20,88,std::sort,180800
30,88,own sorting network,1515404200
30,88,openmp sorting network,789500
30,88,sequential sorting network,825200
30,88,std::sort,352100
40,88,own sorting network,2486146700
40,88,openmp sorting network,1289100
40,88,sequential sorting network,1329400
40,88,std::sort,572000
50,88,own sorting network,3723442900
50,88,openmp sorting network,1932600
50,88,sequential sorting network,1962400
50,88,std::sort,864100
60,88,own sorting network,5250212200
60,88,openmp sorting network,2722700
60,88,sequential sorting network,2753300
60,88,std::sort,1210900
70,88,own sorting network,7010868900
70,88,openmp sorting network,3696200
70,88,sequential sorting network,3679500
70,88,std::sort,1627700
80,88,own sorting network,8897542600
80,88,openmp sorting network,5018800
80,88,sequential sorting network,4822300
80,88,std::sort,2139000
90,88,own sorting network,11091901800
90,88,openmp sorting network,6194600
90,88,sequential sorting network,6024700
90,88,std::sort,2668000
100,88,own sorting network,13558084200
100,88,openmp sorting network,7442100
100,88,sequential sorting network,7274900
100,88,std::sort,3218200
10,96,own sorting network,273370800
10,96,openmp sorting network,138900
10,96,sequential sorting network,136100
10,96,std::sort,61100
20,96,own sorting network,815373400
20,96,openmp sorting network,409800
20,96,sequential sorting network,408400
20,96,std::sort,181600
30,96,own sorting network,1635424200
30,96,openmp sorting network,819400
30,96,sequential sorting network,816900
30,96,std::sort,367300
40,96,own sorting network,2718227900
40,96,openmp sorting network,1494900
40,96,sequential sorting network,1404200
40,96,std::sort,619200
50,96,own sorting network,4063162300
50,96,openmp sorting network,2183400
50,96,sequential sorting network,2092300
50,96,std::sort,922900
60,96,own sorting network,5645230200
60,96,openmp sorting network,3057500
60,96,sequential sorting network,3008400
60,96,std::sort,1312500
70,96,own sorting network,7460160100
70,96,openmp sorting network,4056600
70,96,sequential sorting network,4012900
70,96,std::sort,1774700
80,96,own sorting network,9595651500
80,96,openmp sorting network,5178400
80,96,sequential sorting network,5147600
80,96,std::sort,2287100
90,96,own sorting network,11981062900
90,96,openmp sorting network,6528800
90,96,sequential sorting network,6488000
90,96,std::sort,2878200
100,96,own sorting network,14682288100
100,96,openmp sorting network,7964700
100,96,sequential sorting network,7960300
100,96,std::sort,3527100
10,104,own sorting network,293599200
10,104,openmp sorting network,159200
10,104,sequential sorting network,155300
10,104,std::sort,71100
20,104,own sorting network,879935400
20,104,openmp sorting network,576400
20,104,sequential sorting network,464000
20,104,std::sort,218000
30,104,own sorting network,1780259000
30,104,openmp sorting network,1052800
30,104,sequential sorting network,965300
30,104,std::sort,425700
40,104,own sorting network,2950636300
40,104,openmp sorting network,1709800
40,104,sequential sorting network,1677100
40,104,std::sort,707400
50,104,own sorting network,4410944100
50,104,openmp sorting network,2536300
50,104,sequential sorting network,2497300
50,104,std::sort,1075300
60,104,own sorting network,6026262500
60,104,openmp sorting network,3515400
60,104,sequential sorting network,3448000
60,104,std::sort,1517400
70,104,own sorting network,7866161400
70,104,openmp sorting network,4620200
70,104,sequential sorting network,4536300
70,104,std::sort,1995800
80,104,own sorting network,9973422400
80,104,openmp sorting network,5876500
80,104,sequential sorting network,5772500
80,104,std::sort,2550200
90,104,own sorting network,12456189400
90,104,openmp sorting network,7332700
90,104,sequential sorting network,7155400
90,104,std::sort,3180000
100,104,own sorting network,15214432300
100,104,openmp sorting network,8869700
100,104,sequential sorting network,8827500
100,104,std::sort,3875500
10,112,own sorting network,287571700
10,112,openmp sorting network,182700
10,112,sequential sorting network,171700
10,112,std::sort,77500
20,112,own sorting network,849482300
20,112,openmp sorting network,518000
20,112,sequential sorting network,513500
20,112,std::sort,228900
30,112,own sorting network,1729626900
30,112,openmp sorting network,1023100
30,112,sequential sorting network,1025700
30,112,std::sort,458100
40,112,own sorting network,2892427800
40,112,openmp sorting network,1694800
40,112,sequential sorting network,1706100
40,112,std::sort,765900
50,112,own sorting network,4362260200
50,112,openmp sorting network,2552300
50,112,sequential sorting network,2550000
50,112,std::sort,1144000
60,112,own sorting network,6032449100
60,112,openmp sorting network,3584000
60,112,sequential sorting network,3582100
60,112,std::sort,1618500
70,112,own sorting network,8026743500
70,112,openmp sorting network,4770000
70,112,sequential sorting network,4764900
70,112,std::sort,2197100
80,112,own sorting network,10270265000
80,112,openmp sorting network,6093700
80,112,sequential sorting network,6113400
80,112,std::sort,2804800
90,112,own sorting network,12781949300
90,112,openmp sorting network,7824500
90,112,sequential sorting network,7845000
90,112,std::sort,3573000
100,112,own sorting network,15627882600
100,112,openmp sorting network,9541800
100,112,sequential sorting network,9558400
100,112,std::sort,4328700
10,120,own sorting network,312790700
10,120,openmp sorting network,222800
10,120,sequential sorting network,196200
10,120,std::sort,93700
20,120,own sorting network,981000900
20,120,openmp sorting network,588600
20,120,sequential sorting network,570100
20,120,std::sort,258300
30,120,own sorting network,1993409100
30,120,openmp sorting network,1130200
30,120,sequential sorting network,1116200
30,120,std::sort,504900
40,120,own sorting network,3355192100
40,120,openmp sorting network,1956500
40,120,sequential sorting network,1875600
40,120,std::sort,839600
50,120,own sorting network,5015678800
50,120,openmp sorting network,2855600
50,120,sequential sorting network,2789500
50,120,std::sort,1245200
60,120,own sorting network,6775818500
60,120,openmp sorting network,3941800
60,120,sequential sorting network,3874000
60,120,std::sort,1734100
70,120,own sorting network,8834896500
70,120,openmp sorting network,5324000
70,120,sequential sorting network,5235700
70,120,std::sort,2354500
80,120,own sorting network,11186169200
80,120,openmp sorting network,6811400
80,120,sequential sorting network,6762600
80,120,std::sort,3025500
90,120,own sorting network,13758951100
90,120,openmp sorting network,8461100
90,120,sequential sorting network,8382600
90,120,std::sort,3787500
100,120,own sorting network,16834070400
100,120,openmp sorting network,10277400
100,120,sequential sorting network,10200600
100,120,std::sort,4627300
10,128,own sorting network,346704300
10,128,openmp sorting network,201400
10,128,sequential sorting network,200300
10,128,std::sort,90300
20,128,own sorting network,935301000
20,128,openmp sorting network,594000
20,128,sequential sorting network,601900
20,128,std::sort,267100
30,128,own sorting network,1765703700
30,128,openmp sorting network,3187000
30,128,sequential sorting network,1559700
30,128,std::sort,628200
40,128,own sorting network,3033776400
40,128,openmp sorting network,3996100
40,128,sequential sorting network,2408400
40,128,std::sort,993300
50,128,own sorting network,4497641000
50,128,openmp sorting network,5008000
50,128,sequential sorting network,3419000
50,128,std::sort,1451500
60,128,own sorting network,6256991300
60,128,openmp sorting network,6237100
60,128,sequential sorting network,4724300
60,128,std::sort,2005900
70,128,own sorting network,8366272800
70,128,openmp sorting network,7629300
70,128,sequential sorting network,6128400
70,128,std::sort,2629900
80,128,own sorting network,10646367500
80,128,openmp sorting network,9342200
80,128,sequential sorting network,7867400
80,128,std::sort,3421600
90,128,own sorting network,13380054700
90,128,openmp sorting network,11102600
90,128,sequential sorting network,9621700
90,128,std::sort,4229000
100,128,own sorting network,16383860900
100,128,openmp sorting network,13056900
100,128,sequential sorting network,11572400
100,128,std::sort,5105700
10,136,own sorting network,394526300
10,136,openmp sorting network,248800
10,136,sequential sorting network,254300
10,136,std::sort,95700
20,136,own sorting network,1168328700
20,136,openmp sorting network,780700
20,136,sequential sorting network,795400
20,136,std::sort,307900
30,136,own sorting network,2388212100
30,136,openmp sorting network,1534200
30,136,sequential sorting network,1545600
30,136,std::sort,611500
40,136,own sorting network,3968947400
40,136,openmp sorting network,2494800
40,136,sequential sorting network,2592300
40,136,std::sort,987600
50,136,own sorting network,5987729200
50,136,openmp sorting network,3713100
50,136,sequential sorting network,3828000
50,136,std::sort,1458000
60,136,own sorting network,8386111200
60,136,openmp sorting network,5219600
60,136,sequential sorting network,5338300
60,136,std::sort,2058300
70,136,own sorting network,11147278500
70,136,openmp sorting network,6930100
70,136,sequential sorting network,7014900
70,136,std::sort,2718300
80,136,own sorting network,14291236800
80,136,openmp sorting network,8876300
80,136,sequential sorting network,8937100
80,136,std::sort,3478500
90,136,own sorting network,17834642600
90,136,openmp sorting network,11031800
90,136,sequential sorting network,11228900
90,136,std::sort,4335500
100,136,own sorting network,22304457600
100,136,openmp sorting network,13378600
100,136,sequential sorting network,13576000
100,136,std::sort,5259100
10,144,own sorting network,467111700
10,144,openmp sorting network,262500
10,144,sequential sorting network,259000
10,144,std::sort,102000
20,144,own sorting network,1274443300
20,144,openmp sorting network,777800
20,144,sequential sorting network,778700
20,144,std::sort,305000
30,144,own sorting network,2479806300
30,144,openmp sorting network,1599700
30,144,sequential sorting network,1592300
30,144,std::sort,625000
40,144,own sorting network,4076715800
40,144,openmp sorting network,2768100
40,144,sequential sorting network,2617700
40,144,std::sort,1030200
50,144,own sorting network,6184353900
50,144,openmp sorting network,4059700
50,144,sequential sorting network,3910100
50,144,std::sort,1539800
60,144,own sorting network,8830437000
60,144,openmp sorting network,5833700
60,144,sequential sorting network,5570300
60,144,std::sort,2191200
70,144,own sorting network,11679492900
70,144,openmp sorting network,7626800
70,144,sequential sorting network,7363100
70,144,std::sort,2895700
80,144,own sorting network,14941461500
80,144,openmp sorting network,9708700
80,144,sequential sorting network,9412600
80,144,std::sort,3704800
90,144,own sorting network,18506249200
90,144,openmp sorting network,12083900
90,144,sequential sorting network,11755700
90,144,std::sort,4636600
100,144,own sorting network,22555036700
100,144,openmp sorting network,14645800
100,144,sequential sorting network,14312200
100,144,std::sort,5648400
10,152,own sorting network,432570100
10,152,openmp sorting network,286500
10,152,sequential sorting network,284100
10,152,std::sort,111000
20,152,own sorting network,1258807200
20,152,openmp sorting network,878300
20,152,sequential sorting network,871400
20,152,std::sort,354900
30,152,own sorting network,2535379200
30,152,openmp sorting network,1701700
30,152,sequential sorting network,1691000
30,152,std::sort,677800
40,152,own sorting network,4123449500
40,152,openmp sorting network,2857000
40,152,sequential sorting network,2837700
40,152,std::sort,1129500
50,152,own sorting network,6177433700
50,152,openmp sorting network,4411400
50,152,sequential sorting network,4397100
50,152,std::sort,1691500
60,152,own sorting network,8554053600
60,152,openmp sorting network,6110400
60,152,sequential sorting network,6079500
60,152,std::sort,2357900
70,152,own sorting network,11467261000
70,152,openmp sorting network,8037700
70,152,sequential sorting network,7996100
70,152,std::sort,3118300
80,152,own sorting network,15241316300
80,152,openmp sorting network,10418800
80,152,sequential sorting network,10410600
80,152,std::sort,4125300
90,152,own sorting network,19199403400
90,152,openmp sorting network,13096600
90,152,sequential sorting network,13067800
90,152,std::sort,5265800
100,152,own sorting network,23601631000
100,152,openmp sorting network,15890900
100,152,sequential sorting network,15838600
100,152,std::sort,6448400
10,160,own sorting network,450879600
10,160,openmp sorting network,298300
10,160,sequential sorting network,302200
10,160,std::sort,118100
20,160,own sorting network,1336595100
20,160,openmp sorting network,895400
20,160,sequential sorting network,901500
20,160,std::sort,362500
30,160,own sorting network,2624021500
30,160,openmp sorting network,1784800
30,160,sequential sorting network,1789200
30,160,std::sort,712900
40,160,own sorting network,4363761500
40,160,openmp sorting network,2971700
40,160,sequential sorting network,2963600
40,160,std::sort,1209900
50,160,own sorting network,6901155200
50,160,openmp sorting network,4577500
50,160,sequential sorting network,4551300
50,160,std::sort,1854100
60,160,own sorting network,9808550000
60,160,openmp sorting network,6287200
60,160,sequential sorting network,6262100
60,160,std::sort,2543900
70,160,own sorting network,13391919900
70,160,openmp sorting network,8356600
70,160,sequential sorting network,8262900
70,160,std::sort,3349600
80,160,own sorting network,17511804600
80,160,openmp sorting network,10749700
80,160,sequential sorting network,10609800
80,160,std::sort,4288200
90,160,own sorting network,21669284500
90,160,openmp sorting network,13313500
90,160,sequential sorting network,13185500
90,160,std::sort,5318600
100,160,own sorting network,26051533300
100,160,openmp sorting network,16158800
100,160,sequential sorting network,16016400
100,160,std::sort,6472500
10,168,own sorting network,459035100
10,168,openmp sorting network,313800
10,168,sequential sorting network,334800
10,168,std::sort,125000
20,168,own sorting network,1358688000
20,168,openmp sorting network,952500
20,168,sequential sorting network,1008900
20,168,std::sort,381700
30,168,own sorting network,3011375200
30,168,openmp sorting network,1868100
30,168,sequential sorting network,1940900
30,168,std::sort,742700
40,168,own sorting network,5142648800
40,168,openmp sorting network,3112800
40,168,sequential sorting network,3203300
40,168,std::sort,1257000
50,168,own sorting network,7737020600
50,168,openmp sorting network,4660000
50,168,sequential sorting network,4778900
50,168,std::sort,1895900
60,168,own sorting network,10935632500
60,168,openmp sorting network,6538200
60,168,sequential sorting network,6613100
60,168,std::sort,2641100
70,168,own sorting network,14536958000
70,168,openmp sorting network,8778300
70,168,sequential sorting network,8807300
70,168,std::sort,3513300
80,168,own sorting network,18428164300
80,168,openmp sorting network,11503400
80,168,sequential sorting network,11558300
80,168,std::sort,4633500
90,168,own sorting network,22431819300
90,168,openmp sorting network,14496900
90,168,sequential sorting network,14493900
90,168,std::sort,5781300
100,168,own sorting network,27814301100
100,168,openmp sorting network,17621600
100,168,sequential sorting network,17760500
100,168,std::sort,7021000
10,176,own sorting network,536372900
10,176,openmp sorting network,348600
10,176,sequential sorting network,334300
10,176,std::sort,146800
20,176,own sorting network,1476179200
20,176,openmp sorting network,1034000
20,176,sequential sorting network,1026800
20,176,std::sort,430300
30,176,own sorting network,3214092500
30,176,openmp sorting network,2066300
30,176,sequential sorting network,2048700
30,176,std::sort,831000
40,176,own sorting network,5373400500
40,176,openmp sorting network,3462100
40,176,sequential sorting network,3441900
40,176,std::sort,1409500
50,176,own sorting network,8229921500
50,176,openmp sorting network,5052500
50,176,sequential sorting network,5064200
50,176,std::sort,2054900
60,176,own sorting network,11628693900
60,176,openmp sorting network,6933100
60,176,sequential sorting network,6958200
60,176,std::sort,2806200
70,176,own sorting network,15652493600
70,176,openmp sorting network,9143500
70,176,sequential sorting network,9198100
70,176,std::sort,3703000
80,176,own sorting network,20198636400
80,176,openmp sorting network,11779800
80,176,sequential sorting network,11767600
80,176,std::sort,4730700
90,176,own sorting network,25221398000
90,176,openmp sorting network,14655800
90,176,sequential sorting network,14642100
90,176,std::sort,5881400
100,176,own sorting network,30885183200
100,176,openmp sorting network,17830600
100,176,sequential sorting network,17859000
100,176,std::sort,7165900
10,184,own sorting network,581354000
10,184,openmp sorting network,339500
10,184,sequential sorting network,344800
10,184,std::sort,136300
20,184,own sorting network,1780162000
20,184,openmp sorting network,1024700
20,184,sequential sorting network,1025600
20,184,std::sort,405600
30,184,own sorting network,3392354900
30,184,openmp sorting network,1995700
30,184,sequential sorting network,2004300
30,184,std::sort,801500
40,184,own sorting network,5736335900
40,184,openmp sorting network,3440900
40,184,sequential sorting network,3467700
40,184,std::sort,1326800
50,184,own sorting network,8694525600
50,184,openmp sorting network,5069800
50,184,sequential sorting network,5103800
50,184,std::sort,2057800
60,184,own sorting network,12136790900
60,184,openmp sorting network,7030700
60,184,sequential sorting network,7150200
60,184,std::sort,2854500
70,184,own sorting network,16203534500
70,184,openmp sorting network,9392500
70,184,sequential sorting network,9499700
70,184,std::sort,3806000
80,184,own sorting network,20578544800
80,184,openmp sorting network,12060600
80,184,sequential sorting network,12232400
80,184,std::sort,4898500
90,184,own sorting network,25579036800
90,184,openmp sorting network,15360700
90,184,sequential sorting network,15506300
90,184,std::sort,6224000
100,184,own sorting network,31303564500
100,184,openmp sorting network,18796300
100,184,sequential sorting network,18940100
100,184,std::sort,7625800
10,192,own sorting network,561856600
10,192,openmp sorting network,376800
10,192,sequential sorting network,364200
10,192,std::sort,155600
20,192,own sorting network,1706438200
20,192,openmp sorting network,1111300
20,192,sequential sorting network,1072900
20,192,std::sort,438400
30,192,own sorting network,3319453500
30,192,openmp sorting network,2264000
30,192,sequential sorting network,2196100
30,192,std::sort,894800
40,192,own sorting network,5597025400
40,192,openmp sorting network,3799100
40,192,sequential sorting network,3751200
40,192,std::sort,1524400
50,192,own sorting network,8496854000
50,192,openmp sorting network,5657200
50,192,sequential sorting network,5610600
50,192,std::sort,2262700
60,192,own sorting network,12034578700
60,192,openmp sorting network,7747000
60,192,sequential sorting network,7732000
60,192,std::sort,3111800
70,192,own sorting network,16160234100
70,192,openmp sorting network,10295100
70,192,sequential sorting network,10266100
70,192,std::sort,4143100
80,192,own sorting network,20803539400
80,192,openmp sorting network,13358600
80,192,sequential sorting network,13217400
80,192,std::sort,5336800
90,192,own sorting network,26092978000
90,192,openmp sorting network,16613900
90,192,sequential sorting network,16569600
90,192,std::sort,6643200
100,192,own sorting network,30844091200
100,192,openmp sorting network,20816800
100,192,sequential sorting network,20747100
100,192,std::sort,8756700
10,200,own sorting network,442430400
10,200,openmp sorting network,460400
10,200,sequential sorting network,438900
10,200,std::sort,184700
20,200,own sorting network,1595247000
20,200,openmp sorting network,1265300
20,200,sequential sorting network,1203400
20,200,std::sort,487900
30,200,own sorting network,3174513000
30,200,openmp sorting network,2809400
30,200,sequential sorting network,2927100
30,200,std::sort,981700
40,200,own sorting network,5431102700
40,200,openmp sorting network,4316200
40,200,sequential sorting network,4440400
40,200,std::sort,1583600
50,200,own sorting network,8307146700
50,200,openmp sorting network,6224200
50,200,sequential sorting network,6377500
50,200,std::sort,2353200
60,200,own sorting network,11305172000
60,200,openmp sorting network,8792900
60,200,sequential sorting network,9084900
60,200,std::sort,3368900
70,200,own sorting network,14992283000
70,200,openmp sorting network,11677600
70,200,sequential sorting network,11932700
70,200,std::sort,4503000
80,200,own sorting network,19424430400
80,200,openmp sorting network,14729100
80,200,sequential sorting network,14996500
80,200,std::sort,5720300
90,200,own sorting network,24148577800
90,200,openmp sorting network,18268700
90,200,sequential sorting network,18482300
90,200,std::sort,7138900
100,200,own sorting network,29314211800
100,200,openmp sorting network,22049400
100,200,sequential sorting network,22301800
100,200,std::sort,8657100
10,208,own sorting network,536099100
10,208,openmp sorting network,417700
10,208,sequential sorting network,417700
10,208,std::sort,169000
20,208,own sorting network,1583644200
20,208,openmp sorting network,1236400
20,208,sequential sorting network,1241000
20,208,std::sort,496100
30,208,own sorting network,3105993100
30,208,openmp sorting network,2412400
30,208,sequential sorting network,2389300
30,208,std::sort,966200
40,208,own sorting network,5431988900
40,208,openmp sorting network,3972200
40,208,sequential sorting network,3934900
40,208,std::sort,1581600
50,208,own sorting network,8648629600
50,208,openmp sorting network,5923800
50,208,sequential sorting network,5863800
50,208,std::sort,2356300
60,208,own sorting network,12342149100
60,208,openmp sorting network,8316700
60,208,sequential sorting network,8233200
60,208,std::sort,3328500
70,208,own sorting network,16904404100
70,208,openmp sorting network,11030600
70,208,sequential sorting network,10920600
70,208,std::sort,4436200
80,208,own sorting network,22164883400
80,208,openmp sorting network,14138100
80,208,sequential sorting network,13990700
80,208,std::sort,5652200
90,208,own sorting network,28203709500
90,208,openmp sorting network,17690800
90,208,sequential sorting network,17492400
90,208,std::sort,7045700
100,208,own sorting network,34775063200
100,208,openmp sorting network,21564900
100,208,sequential sorting network,21382400
100,208,std::sort,8593000
10,216,own sorting network,651904200
10,216,openmp sorting network,411300
10,216,sequential sorting network,411400
10,216,std::sort,163300
20,216,own sorting network,1999893400
20,216,openmp sorting network,1189900
20,216,sequential sorting network,1180300
20,216,std::sort,506800
30,216,own sorting network,3961893800
30,216,openmp sorting network,2395500
30,216,sequential sorting network,2358000
30,216,std::sort,1008900
40,216,own sorting network,6539649600
40,216,openmp sorting network,4048200
40,216,sequential sorting network,3996300
40,216,std::sort,1691900
50,216,own sorting network,9676700600
50,216,openmp sorting network,6167900
50,216,sequential sorting network,6112200
50,216,std::sort,2547800
60,216,own sorting network,13241466100
60,216,openmp sorting network,8521100
60,216,sequential sorting network,8458600
60,216,std::sort,3501700
70,216,own sorting network,17724418000
70,216,openmp sorting network,11257900
70,216,sequential sorting network,11205400
70,216,std::sort,4647800
80,216,own sorting network,23071350400
80,216,openmp sorting network,14355600
80,216,sequential sorting network,14331700
80,216,std::sort,5950100
90,216,own sorting network,28719741100
90,216,openmp sorting network,18291200
90,216,sequential sorting network,18250000
90,216,std::sort,7563500
100,216,own sorting network,33500720900
100,216,openmp sorting network,22816700
100,216,sequential sorting network,22772800
100,216,std::sort,9417300
10,224,own sorting network,550084300
10,224,openmp sorting network,467700
10,224,sequential sorting network,472100
10,224,std::sort,184100
20,224,own sorting network,1581587500
20,224,openmp sorting network,1398800
20,224,sequential sorting network,1377200
20,224,std::sort,556000
30,224,own sorting network,3037738800
30,224,openmp sorting network,2835600
30,224,sequential sorting network,2784400
30,224,std::sort,1127500
40,224,own sorting network,4911290100
40,224,openmp sorting network,4688600
40,224,sequential sorting network,4662000
40,224,std::sort,1885800
50,224,own sorting network,7872055200
50,224,openmp sorting network,6776200
50,224,sequential sorting network,6746500
50,224,std::sort,2729100
60,224,own sorting network,11435087900
60,224,openmp sorting network,9297900
60,224,sequential sorting network,9248500
60,224,std::sort,3737700
70,224,own sorting network,16333958200
70,224,openmp sorting network,12253300
70,224,sequential sorting network,12150100
70,224,std::sort,4939800
80,224,own sorting network,21854839200
80,224,openmp sorting network,15660600
80,224,sequential sorting network,15487500
80,224,std::sort,6300600
90,224,own sorting network,27777247300
90,224,openmp sorting network,19549500
90,224,sequential sorting network,19313700
90,224,std::sort,7865400
100,224,own sorting network,34417669300
100,224,openmp sorting network,23913900
100,224,sequential sorting network,23607000
100,224,std::sort,9595800
10,232,own sorting network,719360700
10,232,openmp sorting network,476800
10,232,sequential sorting network,458500
10,232,std::sort,185600
20,232,own sorting network,1782102300
20,232,openmp sorting network,1400700
20,232,sequential sorting network,1372400
20,232,std::sort,552300
30,232,own sorting network,3326855400
30,232,openmp sorting network,2860600
30,232,sequential sorting network,2825600
30,232,std::sort,1140500
40,232,own sorting network,5415242100
40,232,openmp sorting network,4641500
40,232,sequential sorting network,4603600
40,232,std::sort,1867100
50,232,own sorting network,8138561100
50,232,openmp sorting network,6799900
50,232,sequential sorting network,6978600
50,232,std::sort,2741100
60,232,own sorting network,12050751500
60,232,openmp sorting network,9461000
60,232,sequential sorting network,9646700
60,232,std::sort,3837000
70,232,own sorting network,16460771200
70,232,openmp sorting network,12514500
70,232,sequential sorting network,12675600
70,232,std::sort,5062900
80,232,own sorting network,22042927600
80,232,openmp sorting network,16012400
80,232,sequential sorting network,16201800
80,232,std::sort,6476300
90,232,own sorting network,27993820000
90,232,openmp sorting network,19941800
90,232,sequential sorting network,20166500
90,232,std::sort,8067800
100,232,own sorting network,34905835100
100,232,openmp sorting network,24271600
100,232,sequential sorting network,24499100
100,232,std::sort,9828500
10,240,own sorting network,731190000
10,240,openmp sorting network,456300
10,240,sequential sorting network,461300
10,240,std::sort,181800
20,240,own sorting network,2157928900
20,240,openmp sorting network,1367200
20,240,sequential sorting network,1362800
20,240,std::sort,545000
30,240,own sorting network,4331827400
30,240,openmp sorting network,2737100
30,240,sequential sorting network,2727700
30,240,std::sort,1099700
40,240,own sorting network,6766494400
40,240,openmp sorting network,4535800
40,240,sequential sorting network,4523900
40,240,std::sort,1827300
50,240,own sorting network,9692430500
50,240,openmp sorting network,6792700
50,240,sequential sorting network,6855400
50,240,std::sort,2745200
60,240,own sorting network,13940597200
60,240,openmp sorting network,9818800
60,240,sequential sorting network,9839400
60,240,std::sort,3907200
70,240,own sorting network,18731524500
70,240,openmp sorting network,13008900
70,240,sequential sorting network,13014000
70,240,std::sort,5188000
80,240,own sorting network,24493572200
80,240,openmp sorting network,16675600
80,240,sequential sorting network,16653400
80,240,std::sort,6655100
90,240,own sorting network,30832131400
90,240,openmp sorting network,20798700
90,240,sequential sorting network,20878900
90,240,std::sort,8368700
100,240,own sorting network,38004273300
100,240,openmp sorting network,25427100
100,240,sequential sorting network,25360000
100,240,std::sort,10200700
10,248,own sorting network,755505900
10,248,openmp sorting network,475100
10,248,sequential sorting network,463800
10,248,std::sort,190900
20,248,own sorting network,2235596700
20,248,openmp sorting network,1433400
20,248,sequential sorting network,1396200
20,248,std::sort,568500
30,248,own sorting network,4511909200
30,248,openmp sorting network,2892200
30,248,sequential sorting network,2808100
30,248,std::sort,1141100
40,248,own sorting network,6886005700
40,248,openmp sorting network,5974600
40,248,sequential sorting network,4670500
40,248,std::sort,1903300
50,248,own sorting network,9792411600
50,248,openmp sorting network,8682300
50,248,sequential sorting network,7369200
50,248,std::sort,2987300
60,248,own sorting network,13437965100
60,248,openmp sorting network,11504900
60,248,sequential sorting network,10149400
60,248,std::sort,4183000
70,248,own sorting network,17683745300
70,248,openmp sorting network,14785100
70,248,sequential sorting network,13489900
70,248,std::sort,5527300
80,248,own sorting network,22598229500
80,248,openmp sorting network,18449700
80,248,sequential sorting network,17160700
80,248,std::sort,7021400
90,248,own sorting network,28081661900
90,248,openmp sorting network,22692800
90,248,sequential sorting network,21380000
90,248,std::sort,8730700
100,248,own sorting network,33773070000
100,248,openmp sorting network,27558200
100,248,sequential sorting network,26176700
100,248,std::sort,10693600
10,256,own sorting network,565040000
10,256,openmp sorting network,485500
10,256,sequential sorting network,481300
10,256,std::sort,196900
20,256,own sorting network,1780991300
20,256,openmp sorting network,1496300
20,256,sequential sorting network,1473500
20,256,std::sort,605800
30,256,own sorting network,3522007300
30,256,openmp sorting network,2964600
30,256,sequential sorting network,2933800
30,256,std::sort,1229000
40,256,own sorting network,5904799300
40,256,openmp sorting network,4910200
40,256,sequential sorting network,4893400
40,256,std::sort,2019400
50,256,own sorting network,8848564000
50,256,openmp sorting network,7523300
50,256,sequential sorting network,7518600
50,256,std::sort,3173000
60,256,own sorting network,12275950800
60,256,openmp sorting network,10529700
60,256,sequential sorting network,10563800
60,256,std::sort,4399100
70,256,own sorting network,16378171200
70,256,openmp sorting network,14072500
70,256,sequential sorting network,14120900
70,256,std::sort,5875300
80,256,own sorting network,20987853700
80,256,openmp sorting network,17964500
80,256,sequential sorting network,18000400
80,256,std::sort,7485800
90,256,own sorting network,27127997200
90,256,openmp sorting network,22333700
90,256,sequential sorting network,22406800
90,256,std::sort,9258400
100,256,own sorting network,34082041500
100,256,openmp sorting network,27234900
100,256,sequential sorting network,27322000
100,256,std::sort,11218500
10,8,own sorting network,5344100
10,8,openmp sorting network,4100
10,8,sequential sorting network,3800
10,8,std::sort,3300
20,8,own sorting network,15971200
20,8,openmp sorting network,11300
20,8,sequential sorting network,11200
20,8,std::sort,9200
30,8,own sorting network,31805500
30,8,openmp sorting network,21400
30,8,sequential sorting network,21600
30,8,std::sort,17800
40,8,own sorting network,52658600
40,8,openmp sorting network,35600
40,8,sequential sorting network,35800
40,8,std::sort,28200
50,8,own sorting network,79042400
50,8,openmp sorting network,53300
50,8,sequential sorting network,52800
50,8,std::sort,41800
60,8,own sorting network,110943300
60,8,openmp sorting network,73500
60,8,sequential sorting network,73300
60,8,std::sort,56800
70,8,own sorting network,148063600
70,8,openmp sorting network,97400
70,8,sequential sorting network,96100
70,8,std::sort,73800
80,8,own sorting network,189653300
80,8,openmp sorting network,124900
80,8,sequential sorting network,123800
80,8,std::sort,92800
90,8,own sorting network,237864600
90,8,openmp sorting network,156500
90,8,sequential sorting network,155200
90,8,std::sort,114100
100,8,own sorting network,291052200
100,8,openmp sorting network,190700
100,8,sequential sorting network,189400
100,8,std::sort,139200
10,16,own sorting network,17787800
10,16,openmp sorting network,12300
10,16,sequential sorting network,11300
10,16,std::sort,6300
20,16,own sorting network,53577800
20,16,openmp sorting network,35300
20,16,sequential sorting network,33200
20,16,std::sort,18500
30,16,own sorting network,106603100
30,16,openmp sorting network,67400
30,16,sequential sorting network,64900
30,16,std::sort,36700
40,16,own sorting network,176025600
40,16,openmp sorting network,108900
40,16,sequential sorting network,106300
40,16,std::sort,60100
50,16,own sorting network,263000800
50,16,openmp sorting network,161200
50,16,sequential sorting network,159200
50,16,std::sort,89300
60,16,own sorting network,371380800
60,16,openmp sorting network,223900
60,16,sequential sorting network,221200
60,16,std::sort,124200
70,16,own sorting network,505413000
70,16,openmp sorting network,300900
70,16,sequential sorting network,293300
70,16,std::sort,165400
80,16,own sorting network,648559500
80,16,openmp sorting network,392700
80,16,sequential sorting network,375700
80,16,std::sort,211900
90,16,own sorting network,808209000
90,16,openmp sorting network,485000
90,16,sequential sorting network,466700
90,16,std::sort,264500
100,16,own sorting network,986278400
100,16,openmp sorting network,589700
100,16,sequential sorting network,569500
100,16,std::sort,322800
10,24,own sorting network,39056500
10,24,openmp sorting network,22400
10,24,sequential sorting network,21800
10,24,std::sort,13100
20,24,own sorting network,118755900
20,24,openmp sorting network,96800
20,24,sequential sorting network,62500
20,24,std::sort,37400
30,24,own sorting network,235509600
30,24,openmp sorting network,160200
30,24,sequential sorting network,124300
30,24,std::sort,72800
40,24,own sorting network,394224700
40,24,openmp sorting network,240900
40,24,sequential sorting network,242800
40,24,std::sort,119800
50,24,own sorting network,594512300
50,24,openmp sorting network,342100
50,24,sequential sorting network,343900
50,24,std::sort,179300
60,24,own sorting network,828848700
60,24,openmp sorting network,461900
60,24,sequential sorting network,471000
60,24,std::sort,249300
70,24,own sorting network,1109726700
70,24,openmp sorting network,613600
70,24,sequential sorting network,614600
70,24,std::sort,332300
80,24,own sorting network,1438545100
80,24,openmp sorting network,779900
80,24,sequential sorting network,788400
80,24,std::sort,429600
90,24,own sorting network,1801077900
90,24,openmp sorting network,957000
90,24,sequential sorting network,966400
90,24,std::sort,532900
100,24,own sorting network,2199765700
100,24,openmp sorting network,1163300
100,24,sequential sorting network,1165400
100,24,std::sort,648100
10,32,own sorting network,51776700
10,32,openmp sorting network,30900
10,32,sequential sorting network,31400
10,32,std::sort,17600
20,32,own sorting network,155546700
20,32,openmp sorting network,89900
20,32,sequential sorting network,90600
20,32,std::sort,51900
30,32,own sorting network,316297700
30,32,openmp sorting network,176300
30,32,sequential sorting network,177500
30,32,std::sort,103200
40,32,own sorting network,525430700
40,32,openmp sorting network,292900
40,32,sequential sorting network,293900
40,32,std::sort,169700
50,32,own sorting network,780583700
50,32,openmp sorting network,435000
50,32,sequential sorting network,437100
50,32,std::sort,252100
60,32,own sorting network,1104787200
60,32,openmp sorting network,614100
60,32,sequential sorting network,618500
60,32,std::sort,357400
70,32,own sorting network,1481587400
70,32,openmp sorting network,815500
70,32,sequential sorting network,821800
70,32,std::sort,484500
80,32,own sorting network,1894267700
80,32,openmp sorting network,1047200
80,32,sequential sorting network,1053800
80,32,std::sort,621000
90,32,own sorting network,2362562500
90,32,openmp sorting network,1319800
90,32,sequential sorting network,1310100
90,32,std::sort,777000
100,32,own sorting network,2875905900
100,32,openmp sorting network,1608500
100,32,sequential sorting network,1592400
100,32,std::sort,941300
10,40,own sorting network,91363000
10,40,openmp sorting network,47400
10,40,sequential sorting network,46700
10,40,std::sort,23700
20,40,own sorting network,262373400
20,40,openmp sorting network,137700
20,40,sequential sorting network,136000
20,40,std::sort,68400
30,40,own sorting network,526010400
30,40,openmp sorting network,285900
30,40,sequential sorting network,269300
30,40,std::sort,135100
40,40,own sorting network,880018800
40,40,openmp sorting network,467700
40,40,sequential sorting network,443200
40,40,std::sort,223700
50,40,own sorting network,1317658600
50,40,openmp sorting network,686300
50,40,sequential sorting network,669200
50,40,std::sort,333900
60,40,own sorting network,1841820300
60,40,openmp sorting network,947500
60,40,sequential sorting network,928100
60,40,std::sort,466800
70,40,own sorting network,2462153300
70,40,openmp sorting network,1337800
70,40,sequential sorting network,1234500
70,40,std::sort,620300
80,40,own sorting network,3169474000
80,40,openmp sorting network,1743900
80,40,sequential sorting network,1621600
80,40,std::sort,823300
90,40,own sorting network,4019963600
90,40,openmp sorting network,2151200
90,40,sequential sorting network,2040200
90,40,std::sort,1028800
100,40,own sorting network,4903320200
100,40,openmp sorting network,2580000
100,40,sequential sorting network,2478800
100,40,std::sort,1245800
10,48,own sorting network,105510500
10,48,openmp sorting network,58600
10,48,sequential sorting network,57300
10,48,std::sort,28900
20,48,own sorting network,321587600
20,48,openmp sorting network,178800
20,48,sequential sorting network,168700
20,48,std::sort,84800
30,48,own sorting network,636265200
30,48,openmp sorting network,340800
30,48,sequential sorting network,331400
30,48,std::sort,176800
40,48,own sorting network,1054854000
40,48,openmp sorting network,560800
40,48,sequential sorting network,544100
40,48,std::sort,285800
50,48,own sorting network,1581906600
50,48,openmp sorting network,831700
50,48,sequential sorting network,815600
50,48,std::sort,424000
60,48,own sorting network,2207646400
60,48,openmp sorting network,1161900
60,48,sequential sorting network,1139200
60,48,std::sort,587400
70,48,own sorting network,2930650500
70,48,openmp sorting network,1539200
70,48,sequential sorting network,1548100
70,48,std::sort,776000
80,48,own sorting network,3767437200
80,48,openmp sorting network,2041600
80,48,sequential sorting network,1974800
80,48,std::sort,1002100
90,48,own sorting network,4710701300
90,48,openmp sorting network,2530300
90,48,sequential sorting network,2456800
90,48,std::sort,1250400
100,48,own sorting network,5759789600
100,48,openmp sorting network,3108400
100,48,sequential sorting network,3012800
100,48,std::sort,1529000
10,56,own sorting network,122302200
10,56,openmp sorting network,70500
10,56,sequential sorting network,69300
10,56,std::sort,35600
20,56,own sorting network,361085300
20,56,openmp sorting network,203500
20,56,sequential sorting network,208700
20,56,std::sort,103300
30,56,own sorting network,710681800
30,56,openmp sorting network,406400
30,56,sequential sorting network,411800
30,56,std::sort,206300
40,56,own sorting network,1196144600
40,56,openmp sorting network,673800
40,56,sequential sorting network,690800
40,56,std::sort,342100
50,56,own sorting network,1795965400
50,56,openmp sorting network,998200
50,56,sequential sorting network,1017200
50,56,std::sort,506400
60,56,own sorting network,2508087100
60,56,openmp sorting network,1374700
60,56,sequential sorting network,1401100
60,56,std::sort,700200
70,56,own sorting network,3330003500
70,56,openmp sorting network,1825900
70,56,sequential sorting network,1859300
70,56,std::sort,931400
80,56,own sorting network,4283830600
80,56,openmp sorting network,2356800
80,56,sequential sorting network,2360500
80,56,std::sort,1210700
90,56,own sorting network,5372025600
90,56,openmp sorting network,3003800
90,56,sequential sorting network,2977600
90,56,std::sort,1522000
100,56,own sorting network,6617982200
100,56,openmp sorting network,3690300
100,56,sequential sorting network,3670500
100,56,std::sort,1865000
10,64,own sorting network,138252700
10,64,openmp sorting network,86600
10,64,sequential sorting network,106400
10,64,std::sort,42600
20,64,own sorting network,411361400
20,64,openmp sorting network,248700
20,64,sequential sorting network,296900
20,64,std::sort,122800
30,64,own sorting network,817865600
30,64,openmp sorting network,499100
30,64,sequential sorting network,542500
30,64,std::sort,246300
40,64,own sorting network,1373796300
40,64,openmp sorting network,833600
40,64,sequential sorting network,874700
40,64,std::sort,415000
50,64,own sorting network,2081133500
50,64,openmp sorting network,1231100
50,64,sequential sorting network,1279200
50,64,std::sort,613200
60,64,own sorting network,2870847800
60,64,openmp sorting network,1701100
60,64,sequential sorting network,1759600
60,64,std::sort,852200
70,64,own sorting network,3807967500
70,64,openmp sorting network,2326000
70,64,sequential sorting network,2381400
70,64,std::sort,1161500
80,64,own sorting network,4982143600
80,64,openmp sorting network,2983900
80,64,sequential sorting network,3038200
80,64,std::sort,1503800
90,64,own sorting network,6250861900
90,64,openmp sorting network,3679200
90,64,sequential sorting network,3726600
90,64,std::sort,1859300
100,64,own sorting network,7647960100
100,64,openmp sorting network,4453500
100,64,sequential sorting network,4503900
100,64,std::sort,2250400
10,72,own sorting network,209161900
10,72,openmp sorting network,106000
10,72,sequential sorting network,103100
10,72,std::sort,44700
20,72,own sorting network,626340300
20,72,openmp sorting network,310900
20,72,sequential sorting network,306600
20,72,std::sort,133800
30,72,own sorting network,1242337300
30,72,openmp sorting network,622000
30,72,sequential sorting network,626300
30,72,std::sort,272000
40,72,own sorting network,2049708600
40,72,openmp sorting network,1047800
40,72,sequential sorting network,1051000
40,72,std::sort,455500
50,72,own sorting network,3051546000
50,72,openmp sorting network,1566500
50,72,sequential sorting network,1558400
50,72,std::sort,677700
60,72,own sorting network,4198738300
60,72,openmp sorting network,2166800
60,72,sequential sorting network,2154400
60,72,std::sort,955000
70,72,own sorting network,5536724500
70,72,openmp sorting network,2865300
70,72,sequential sorting network,2866600
70,72,std::sort,1265300
80,72,own sorting network,7062382900
80,72,openmp sorting network,3677500
80,72,sequential sorting network,3677200
80,72,std::sort,1619900
90,72,own sorting network,8728980300
90,72,openmp sorting network,4784400
90,72,sequential sorting network,4604300
90,72,std::sort,2021000
100,72,own sorting network,10671075400
100,72,openmp sorting network,5797600
100,72,sequential sorting network,5642700
100,72,std::sort,2463100
10,80,own sorting network,207269300
10,80,openmp sorting network,118900
10,80,sequential sorting network,117400
10,80,std::sort,52300
20,80,own sorting network,645383600
20,80,openmp sorting network,359800
20,80,sequential sorting network,347600
20,80,std::sort,155700
30,80,own sorting network,1280757400
30,80,openmp sorting network,713700
30,80,sequential sorting network,702700
30,80,std::sort,308700
40,80,own sorting network,2107854200
40,80,openmp sorting network,1210500
40,80,sequential sorting network,1208300
40,80,std::sort,526800
50,80,own sorting network,3155801400
50,80,openmp sorting network,1778500
50,80,sequential sorting network,1793700
50,80,std::sort,778900
60,80,own sorting network,4412996900
60,80,openmp sorting network,2488800
60,80,sequential sorting network,2502600
60,80,std::sort,1096900
70,80,own sorting network,5891733100
70,80,openmp sorting network,3364800
70,80,sequential sorting network,3369300
70,80,std::sort,1478100
80,80,own sorting network,7571745600
80,80,openmp sorting network,4279000
80,80,sequential sorting network,4424900
80,80,std::sort,1890400
90,80,own sorting network,9537975800
90,80,openmp sorting network,5667600
90,80,sequential sorting network,5780500
90,80,std::sort,2388500
100,80,own sorting network,11699911800
100,80,openmp sorting network,6886400
100,80,sequential sorting network,7028100
100,80,std::sort,2917200
10,88,own sorting network,241133800
10,88,openmp sorting network,154500
10,88,sequential sorting network,167500
10,88,std::sort,66700
20,88,own sorting network,736917700
20,88,openmp sorting network,428300
20,88,sequential sorting network,442200
20,88,std::sort,185100
30,88,own sorting network,1472471100
30,88,openmp sorting network,823800
30,88,sequential sorting network,844400
30,88,std::sort,359800
40,88,own sorting network,2456003500
40,88,openmp sorting network,1354700
40,88,sequential sorting network,1375700
40,88,std::sort,590700
50,88,own sorting network,3698323300
50,88,openmp sorting network,1985000
50,88,sequential sorting network,2016600
50,88,std::sort,873800
60,88,own sorting network,5136216800
60,88,openmp sorting network,2772300
60,88,sequential sorting network,2806100
60,88,std::sort,1221600
70,88,own sorting network,6835625500
70,88,openmp sorting network,3663800
70,88,sequential sorting network,3701100
70,88,std::sort,1652600
80,88,own sorting network,8821795900
80,88,openmp sorting network,4706300
80,88,sequential sorting network,4765700
80,88,std::sort,2123500
90,88,own sorting network,11050574300
90,88,openmp sorting network,5867300
90,88,sequential sorting network,5900900
90,88,std::sort,2640000
100,88,own sorting network,13583138000
100,88,openmp sorting network,7132100
100,88,sequential sorting network,7171200
100,88,std::sort,3203500
10,96,own sorting network,277747800
10,96,openmp sorting network,146500
10,96,sequential sorting network,165300
10,96,std::sort,64300
20,96,own sorting network,833497200
20,96,openmp sorting network,428200
20,96,sequential sorting network,454700
20,96,std::sort,190100
30,96,own sorting network,1651644000
30,96,openmp sorting network,845600
30,96,sequential sorting network,884100
30,96,std::sort,379200
40,96,own sorting network,2749597500
40,96,openmp sorting network,1417300
40,96,sequential sorting network,1457700
40,96,std::sort,659000
50,96,own sorting network,4117634200
50,96,openmp sorting network,2121600
50,96,sequential sorting network,2162200
50,96,std::sort,971400
60,96,own sorting network,5740076600
60,96,openmp sorting network,3096100
60,96,sequential sorting network,3038600
60,96,std::sort,1348400
70,96,own sorting network,7647722100
70,96,openmp sorting network,4078800
70,96,sequential sorting network,4046200
70,96,std::sort,1786200
80,96,own sorting network,9753414000
80,96,openmp sorting network,5287000
80,96,sequential sorting network,5225900
80,96,std::sort,2310900
90,96,own sorting network,12121244600
90,96,openmp sorting network,6591000
90,96,sequential sorting network,6506700
90,96,std::sort,2893400
100,96,own sorting network,14568392400
100,96,openmp sorting network,8539700
100,96,sequential sorting network,8157700
100,96,std::sort,3632800
10,104,own sorting network,258782200
10,104,openmp sorting network,243500
10,104,sequential sorting network,190900
10,104,std::sort,82700
20,104,own sorting network,824302400
20,104,openmp sorting network,600400
20,104,sequential sorting network,554500
20,104,std::sort,240700
30,104,own sorting network,1643918000
30,104,openmp sorting network,1113000
30,104,sequential sorting network,1066800
30,104,std::sort,473000
40,104,own sorting network,2763978400
40,104,openmp sorting network,1810900
40,104,sequential sorting network,1777900
40,104,std::sort,782200
50,104,own sorting network,4244720800
50,104,openmp sorting network,2605300
50,104,sequential sorting network,2571600
50,104,std::sort,1144600
60,104,own sorting network,5985954900
60,104,openmp sorting network,3530100
60,104,sequential sorting network,3521900
60,104,std::sort,1569100
70,104,own sorting network,7927370400
70,104,openmp sorting network,4609900
70,104,sequential sorting network,4603900
70,104,std::sort,2056100
80,104,own sorting network,10065763500
80,104,openmp sorting network,5805300
80,104,sequential sorting network,5842500
80,104,std::sort,2589400
90,104,own sorting network,12474423300
90,104,openmp sorting network,7198800
90,104,sequential sorting network,7266200
90,104,std::sort,3211500
100,104,own sorting network,15100541200
100,104,openmp sorting network,8734600
100,104,sequential sorting network,8807400
100,104,std::sort,3894000
10,112,own sorting network,286684000
10,112,openmp sorting network,179800
10,112,sequential sorting network,171300
10,112,std::sort,76600
20,112,own sorting network,851159300
20,112,openmp sorting network,517100
20,112,sequential sorting network,516400
20,112,std::sort,228800
30,112,own sorting network,1679646700
30,112,openmp sorting network,1027400
30,112,sequential sorting network,1046000
30,112,std::sort,455400
40,112,own sorting network,2809699500
40,112,openmp sorting network,1719900
40,112,sequential sorting network,1738200
40,112,std::sort,765800
50,112,own sorting network,4190922500
50,112,openmp sorting network,2570100
50,112,sequential sorting network,2579900
50,112,std::sort,1142900
60,112,own sorting network,5883283200
60,112,openmp sorting network,3576400
60,112,sequential sorting network,3592500
60,112,std::sort,1601500
70,112,own sorting network,7892017300
70,112,openmp sorting network,4823900
70,112,sequential sorting network,4837200
70,112,std::sort,2165400
80,112,own sorting network,10307758100
80,112,openmp sorting network,6162400
80,112,sequential sorting network,6143700
80,112,std::sort,2759300
90,112,own sorting network,12991031500
90,112,openmp sorting network,7669100
90,112,sequential sorting network,7664200
90,112,std::sort,3430900
100,112,own sorting network,15994538400
100,112,openmp sorting network,9481000
100,112,sequential sorting network,9341600
100,112,std::sort,4206500
10,120,own sorting network,331208500
10,120,openmp sorting network,182100
10,120,sequential sorting network,180400
10,120,std::sort,81500
20,120,own sorting network,970757600
20,120,openmp sorting network,542800
20,120,sequential sorting network,530000
20,120,std::sort,241800
30,120,own sorting network,1886685500
30,120,openmp sorting network,1071600
30,120,sequential sorting network,1068600
30,120,std::sort,482700
40,120,own sorting network,3157208400
40,120,openmp sorting network,1804600
40,120,sequential sorting network,1795900
40,120,std::sort,807800
50,120,own sorting network,4765201800
50,120,openmp sorting network,2697900
50,120,sequential sorting network,2691500
50,120,std::sort,1205700
60,120,own sorting network,6593229000
60,120,openmp sorting network,3755700
60,120,sequential sorting network,3773300
60,120,std::sort,1690800
70,120,own sorting network,8558467700
70,120,openmp sorting network,4993900
70,120,sequential sorting network,5027600
70,120,std::sort,2266500
80,120,own sorting network,11099443600
80,120,openmp sorting network,6428900
80,120,sequential sorting network,6456500
80,120,std::sort,2908300
90,120,own sorting network,13940132900
90,120,openmp sorting network,8011400
90,120,sequential sorting network,8042900
90,120,std::sort,3649200
100,120,own sorting network,17113499900
100,120,openmp sorting network,9830300
100,120,sequential sorting network,9845000
100,120,std::sort,4448900
10,128,own sorting network,333158900
10,128,openmp sorting network,195800
10,128,sequential sorting network,195700
10,128,std::sort,87100
20,128,own sorting network,1013974100
20,128,openmp sorting network,614100
20,128,sequential sorting network,582000
20,128,std::sort,267500
30,128,own sorting network,2040200800
30,128,openmp sorting network,1183700
30,128,sequential sorting network,1162900
30,128,std::sort,525700
40,128,own sorting network,3379094400
40,128,openmp sorting network,1964000
40,128,sequential sorting network,1968500
40,128,std::sort,869300
50,128,own sorting network,5100587100
50,128,openmp sorting network,2926100
50,128,sequential sorting network,2935600
50,128,std::sort,1306800
60,128,own sorting network,7128917800
60,128,openmp sorting network,4069900
60,128,sequential sorting network,4083900
60,128,std::sort,1837100
70,128,own sorting network,9463023800
70,128,openmp sorting network,5415800
70,128,sequential sorting network,5452900
70,128,std::sort,2432000
80,128,own sorting network,12036052000
80,128,openmp sorting network,7115100
80,128,sequential sorting network,7184700
80,128,std::sort,3174900
90,128,own sorting network,15077707000
90,128,openmp sorting network,8837600
90,128,sequential sorting network,8908800
90,128,std::sort,3972900
100,128,own sorting network,18383069600
100,128,openmp sorting network,10883900
100,128,sequential sorting network,11000300
100,128,std::sort,4906800
10,136,own sorting network,405045400
10,136,openmp sorting network,274300
10,136,sequential sorting network,283600
10,136,std::sort,106200
20,136,own sorting network,1337302900
20,136,openmp sorting network,802900
20,136,sequential sorting network,775700
20,136,std::sort,297400
30,136,own sorting network,2624878400
30,136,openmp sorting network,1513300
30,136,sequential sorting network,1476100
30,136,std::sort,578000
40,136,own sorting network,4268137500
40,136,openmp sorting network,2458500
40,136,sequential sorting network,2425900
40,136,std::sort,946700
50,136,own sorting network,6279617900
50,136,openmp sorting network,3629200
50,136,sequential sorting network,3602000
50,136,std::sort,1413400
60,136,own sorting network,8706193400
60,136,openmp sorting network,5067700
60,136,sequential sorting network,5033000
60,136,std::sort,2007200
70,136,own sorting network,11523559300
70,136,openmp sorting network,6801100
70,136,sequential sorting network,6772000
70,136,std::sort,2687100
80,136,own sorting network,14724113600
80,136,openmp sorting network,8772300
80,136,sequential sorting network,8780000
80,136,std::sort,3471300
90,136,own sorting network,18481913100
90,136,openmp sorting network,10986400
90,136,sequential sorting network,10994700
90,136,std::sort,4345800
100,136,own sorting network,22627384800
100,136,openmp sorting network,13492600
100,136,sequential sorting network,13387700
100,136,std::sort,5318500
10,144,own sorting network,432703500
10,144,openmp sorting network,269300
10,144,sequential sorting network,273400
10,144,std::sort,104500
20,144,own sorting network,1268928400
20,144,openmp sorting network,827700
20,144,sequential sorting network,858000
20,144,std::sort,343800
30,144,own sorting network,2578951500
30,144,openmp sorting network,1627000
30,144,sequential sorting network,1632500
30,144,std::sort,648500
40,144,own sorting network,4290790800
40,144,openmp sorting network,2654400
40,144,sequential sorting network,2659000
40,144,std::sort,1061600
50,144,own sorting network,6400992000
50,144,openmp sorting network,3971600
50,144,sequential sorting network,3991600
50,144,std::sort,1622800
60,144,own sorting network,8878506500
60,144,openmp sorting network,5762200
60,144,sequential sorting network,5732800
60,144,std::sort,2318500
70,144,own sorting network,11960010500
70,144,openmp sorting network,7603900
70,144,sequential sorting network,7564400
70,144,std::sort,3026900
80,144,own sorting network,15668547300
80,144,openmp sorting network,9773900
80,144,sequential sorting network,9713200
80,144,std::sort,3880100
90,144,own sorting network,19951984400
90,144,openmp sorting network,12105200
90,144,sequential sorting network,12022000
90,144,std::sort,4797000
100,144,own sorting network,24647003700
100,144,openmp sorting network,14689100
100,144,sequential sorting network,14577100
100,144,std::sort,5812000
10,152,own sorting network,508410100
10,152,openmp sorting network,291200
10,152,sequential sorting network,274600
10,152,std::sort,108800
20,152,own sorting network,1489355000
20,152,openmp sorting network,865100
20,152,sequential sorting network,857000
20,152,std::sort,336800
30,152,own sorting network,3011751400
30,152,openmp sorting network,1668100
30,152,sequential sorting network,1681700
30,152,std::sort,671200
40,152,own sorting network,5037831700
40,152,openmp sorting network,2808800
40,152,sequential sorting network,2800100
40,152,std::sort,1111200
50,152,own sorting network,7499828800
50,152,openmp sorting network,4167600
50,152,sequential sorting network,4169700
50,152,std::sort,1649900
60,152,own sorting network,10473407300
60,152,openmp sorting network,5829800
60,152,sequential sorting network,5867200
60,152,std::sort,2315600
70,152,own sorting network,13877217400
70,152,openmp sorting network,7827800
70,152,sequential sorting network,7917400
70,152,std::sort,3117600
80,152,own sorting network,17910925300
80,152,openmp sorting network,10007000
80,152,sequential sorting network,10092700
80,152,std::sort,3978400
90,152,own sorting network,22331506900
90,152,openmp sorting network,12404900
90,152,sequential sorting network,12498200
90,152,std::sort,4926700
100,152,own sorting network,27233916600
100,152,openmp sorting network,15155100
100,152,sequential sorting network,15215300
100,152,std::sort,6003500
10,160,own sorting network,509774600
10,160,openmp sorting network,293600
10,160,sequential sorting network,289000
10,160,std::sort,115500
20,160,own sorting network,1544675400
20,160,openmp sorting network,850600
20,160,sequential sorting network,841600
20,160,std::sort,337500
30,160,own sorting network,3073858300
30,160,openmp sorting network,1709100
30,160,sequential sorting network,1678000
30,160,std::sort,671500
40,160,own sorting network,5130155800
40,160,openmp sorting network,2826300
40,160,sequential sorting network,2822800
40,160,std::sort,1125000
50,160,own sorting network,7636931800
50,160,openmp sorting network,4476000
50,160,sequential sorting network,4403300
50,160,std::sort,1754700
60,160,own sorting network,10380279000
60,160,openmp sorting network,6257300
60,160,sequential sorting network,6217000
60,160,std::sort,2452200
70,160,own sorting network,14007753300
70,160,openmp sorting network,8239700
70,160,sequential sorting network,8158500
70,160,std::sort,3241000
80,160,own sorting network,17720061400
80,160,openmp sorting network,10467300
80,160,sequential sorting network,10402800
80,160,std::sort,4140100
90,160,own sorting network,22042756600
90,160,openmp sorting network,13032100
90,160,sequential sorting network,12916300
90,160,std::sort,5145400
100,160,own sorting network,26723405600
100,160,openmp sorting network,15872600
100,160,sequential sorting network,15747400
100,160,std::sort,6307600
10,168,own sorting network,552973700
10,168,openmp sorting network,325400
10,168,sequential sorting network,311300
10,168,std::sort,123400
20,168,own sorting network,1671476700
20,168,openmp sorting network,909900
20,168,sequential sorting network,973500
20,168,std::sort,359100
30,168,own sorting network,3334784600
30,168,openmp sorting network,1818000
30,168,sequential sorting network,1860700
30,168,std::sort,711000
40,168,own sorting network,5574330100
40,168,openmp sorting network,3003800
40,168,sequential sorting network,3056100
40,168,std::sort,1195200
50,168,own sorting network,8350693900
50,168,openmp sorting network,4470700
50,168,sequential sorting network,4549900
50,168,std::sort,1791800
60,168,own sorting network,11303242000
60,168,openmp sorting network,6257300
60,168,sequential sorting network,6312100
60,168,std::sort,2533300
70,168,own sorting network,14570981700
70,168,openmp sorting network,8349100
70,168,sequential sorting network,8380800
70,168,std::sort,3361900
80,168,own sorting network,18558707500
80,168,openmp sorting network,10775400
80,168,sequential sorting network,10811600
80,168,std::sort,4330600
90,168,own sorting network,23422573800
90,168,openmp sorting network,13493900
90,168,sequential sorting network,13560500
90,168,std::sort,5425500
100,168,own sorting network,29019084100
100,168,openmp sorting network,16526300
100,168,sequential sorting network,16570000
100,168,std::sort,6637700
10,176,own sorting network,593693800
10,176,openmp sorting network,324400
10,176,sequential sorting network,318700
10,176,std::sort,130000
20,176,own sorting network,1562079500
20,176,openmp sorting network,1049300
20,176,sequential sorting network,1022800
20,176,std::sort,406900
30,176,own sorting network,3216159800
30,176,openmp sorting network,2082700
30,176,sequential sorting network,2034700
30,176,std::sort,808800
40,176,own sorting network,5145603400
40,176,openmp sorting network,3356500
40,176,sequential sorting network,3317200
40,176,std::sort,1324600
50,176,own sorting network,7635620800
50,176,openmp sorting network,4983200
50,176,sequential sorting network,4946200
50,176,std::sort,2005000
60,176,own sorting network,10796543200
60,176,openmp sorting network,6954000
60,176,sequential sorting network,6881000
60,176,std::sort,2778700
70,176,own sorting network,14880717300
70,176,openmp sorting network,9183300
70,176,sequential sorting network,9105100
70,176,std::sort,3677900
80,176,own sorting network,19205485500
80,176,openmp sorting network,11760400
80,176,sequential sorting network,11688300
80,176,std::sort,4700300
90,176,own sorting network,23572206100
90,176,openmp sorting network,14639900
90,176,sequential sorting network,14564500
90,176,std::sort,5842800
100,176,own sorting network,27936183600
100,176,openmp sorting network,17887100
100,176,sequential sorting network,17733000
100,176,std::sort,7123000
10,184,own sorting network,601071600
10,184,openmp sorting network,382700
10,184,sequential sorting network,338100
10,184,std::sort,135400
20,184,own sorting network,1823890300
20,184,openmp sorting network,1045600
20,184,sequential sorting network,1003900
20,184,std::sort,416300
30,184,own sorting network,3637422000
30,184,openmp sorting network,2088100
30,184,sequential sorting network,2017900
30,184,std::sort,818100
40,184,own sorting network,5830544900
40,184,openmp sorting network,3423100
40,184,sequential sorting network,3314000
40,184,std::sort,1342000
50,184,own sorting network,8476188700
50,184,openmp sorting network,5126900
50,184,sequential sorting network,4983300
50,184,std::sort,2016900
60,184,own sorting network,11905193900
60,184,openmp sorting network,7102400
60,184,sequential sorting network,7026800
60,184,std::sort,2805700
70,184,own sorting network,15554909100
70,184,openmp sorting network,9442900
70,184,sequential sorting network,9443400
70,184,std::sort,3767700
80,184,own sorting network,19671852700
80,184,openmp sorting network,12169600
80,184,sequential sorting network,12126900
80,184,std::sort,4869500
90,184,own sorting network,24290351800
90,184,openmp sorting network,15164900
90,184,sequential sorting network,15209000
90,184,std::sort,6070000
100,184,own sorting network,29943319100
100,184,openmp sorting network,18487700
100,184,sequential sorting network,18567900
100,184,std::sort,7410600
10,192,own sorting network,582282200
10,192,openmp sorting network,387300
10,192,sequential sorting network,362100
10,192,std::sort,145400
20,192,own sorting network,1733976900
20,192,openmp sorting network,1081800
20,192,sequential sorting network,1045100
20,192,std::sort,422700
30,192,own sorting network,3553531500
30,192,openmp sorting network,2111400
30,192,sequential sorting network,2071100
30,192,std::sort,849000
40,192,own sorting network,5958460200
40,192,openmp sorting network,3558100
40,192,sequential sorting network,3472300
40,192,std::sort,1411000
50,192,own sorting network,8869099500
50,192,openmp sorting network,5279100
50,192,sequential sorting network,5218600
50,192,std::sort,2110700
60,192,own sorting network,12602132600
60,192,openmp sorting network,7325100
60,192,sequential sorting network,7268300
60,192,std::sort,2942700
70,192,own sorting network,16790982600
70,192,openmp sorting network,9848600
70,192,sequential sorting network,9725000
70,192,std::sort,3931200
80,192,own sorting network,21671981600
80,192,openmp sorting network,12594000
80,192,sequential sorting network,12471100
80,192,std::sort,5030200
90,192,own sorting network,27222972000
90,192,openmp sorting network,15742400
90,192,sequential sorting network,15609800
90,192,std::sort,6295600
100,192,own sorting network,33529572300
100,192,openmp sorting network,19224600
100,192,sequential sorting network,19171000
100,192,std::sort,7731600
10,200,own sorting network,656471300
10,200,openmp sorting network,376600
10,200,sequential sorting network,370400
10,200,std::sort,157800
20,200,own sorting network,1993443800
20,200,openmp sorting network,1126000
20,200,sequential sorting network,1106500
20,200,std::sort,452100
30,200,own sorting network,3969413700
30,200,openmp sorting network,2257100
30,200,sequential sorting network,2233600
30,200,std::sort,904500
40,200,own sorting network,6422981900
40,200,openmp sorting network,3800100
40,200,sequential sorting network,3713300
40,200,std::sort,1492600
50,200,own sorting network,9686693300
50,200,openmp sorting network,5786800
50,200,sequential sorting network,5677800
50,200,std::sort,2278500
60,200,own sorting network,13505356500
60,200,openmp sorting network,8031300
60,200,sequential sorting network,7907400
60,200,std::sort,3169400
70,200,own sorting network,18049048700
70,200,openmp sorting network,10664200
70,200,sequential sorting network,10539600
70,200,std::sort,4215600
80,200,own sorting network,23119170200
80,200,openmp sorting network,13619000
80,200,sequential sorting network,13476300
80,200,std::sort,5374800
90,200,own sorting network,28787288100
90,200,openmp sorting network,16871300
90,200,sequential sorting network,16723700
90,200,std::sort,6700600
100,200,own sorting network,34959427700
100,200,openmp sorting network,20669300
100,200,sequential sorting network,20518500
100,200,std::sort,8222200
10,208,own sorting network,657862200
10,208,openmp sorting network,387600
10,208,sequential sorting network,374900
10,208,std::sort,161400
20,208,own sorting network,1939520000
20,208,openmp sorting network,1162100
20,208,sequential sorting network,1145500
20,208,std::sort,478500
30,208,own sorting network,3938977800
30,208,openmp sorting network,2324400
30,208,sequential sorting network,2304400
30,208,std::sort,947900
40,208,own sorting network,6496488400
40,208,openmp sorting network,3859800
40,208,sequential sorting network,3851100
40,208,std::sort,1572100
50,208,own sorting network,9707844300
50,208,openmp sorting network,5806700
50,208,sequential sorting network,5777800
50,208,std::sort,2340500
60,208,own sorting network,13668058600
60,208,openmp sorting network,8139000
60,208,sequential sorting network,8130300
60,208,std::sort,3273300
70,208,own sorting network,18336518800
70,208,openmp sorting network,10836400
70,208,sequential sorting network,10821600
70,208,std::sort,4406500
80,208,own sorting network,23673430300
80,208,openmp sorting network,13940200
80,208,sequential sorting network,13905100
80,208,std::sort,5645500
90,208,own sorting network,29630629400
90,208,openmp sorting network,17406300
90,208,sequential sorting network,17360900
90,208,std::sort,7047100
100,208,own sorting network,36195864500
100,208,openmp sorting network,21154300
100,208,sequential sorting network,21124700
100,208,std::sort,8588100
10,216,own sorting network,633609100
10,216,openmp sorting network,403500
10,216,sequential sorting network,398400
10,216,std::sort,165400
20,216,own sorting network,1786514700
20,216,openmp sorting network,1260900
20,216,sequential sorting network,1220500
20,216,std::sort,504000
30,216,own sorting network,3615246500
30,216,openmp sorting network,2472800
30,216,sequential sorting network,2419600
30,216,std::sort,983700
40,216,own sorting network,5844994400
40,216,openmp sorting network,4161500
40,216,sequential sorting network,4100300
40,216,std::sort,1673800
50,216,own sorting network,8696276100
50,216,openmp sorting network,6211300
50,216,sequential sorting network,6165900
50,216,std::sort,2524200
60,216,own sorting network,12152398100
60,216,openmp sorting network,8612600
60,216,sequential sorting network,8570400
60,216,std::sort,3495400
70,216,own sorting network,16208318200
70,216,openmp sorting network,11431900
70,216,sequential sorting network,11392600
70,216,std::sort,4628400
80,216,own sorting network,20530554800
80,216,openmp sorting network,14789500
80,216,sequential sorting network,14720300
80,216,std::sort,5952400
90,216,own sorting network,25456622900
90,216,openmp sorting network,18378500
90,216,sequential sorting network,18314300
90,216,std::sort,7473600
100,216,own sorting network,31100724300
100,216,openmp sorting network,22362700
100,216,sequential sorting network,22324800
100,216,std::sort,9124000
10,224,own sorting network,544021500
10,224,openmp sorting network,431900
10,224,sequential sorting network,437000
10,224,std::sort,172500
20,224,own sorting network,1756119200
20,224,openmp sorting network,1647800
20,224,sequential sorting network,1327100
20,224,std::sort,529000
30,224,own sorting network,3572782900
30,224,openmp sorting network,2862100
30,224,sequential sorting network,2594000
30,224,std::sort,1020600
40,224,own sorting network,5972523600
40,224,openmp sorting network,4543200
40,224,sequential sorting network,4255500
40,224,std::sort,1697800
50,224,own sorting network,8981813600
50,224,openmp sorting network,6564500
50,224,sequential sorting network,6314900
50,224,std::sort,2509100
60,224,own sorting network,12460894500
60,224,openmp sorting network,9080300
60,224,sequential sorting network,8812900
60,224,std::sort,3519700
70,224,own sorting network,16530154200
70,224,openmp sorting network,12023900
70,224,sequential sorting network,11751800
70,224,std::sort,4695700
80,224,own sorting network,21118015200
80,224,openmp sorting network,15245000
80,224,sequential sorting network,15055300
80,224,std::sort,6017300
90,224,own sorting network,26354031100
90,224,openmp sorting network,19121500
90,224,sequential sorting network,18807600
90,224,std::sort,7537200
100,224,own sorting network,31691473500
100,224,openmp sorting network,23487300
100,224,sequential sorting network,23171400
100,224,std::sort,9288200
10,232,own sorting network,632565200
10,232,openmp sorting network,660000
10,232,sequential sorting network,472400
10,232,std::sort,207800
20,232,own sorting network,1651141600
20,232,openmp sorting network,1599900
20,232,sequential sorting network,1393300
20,232,std::sort,586500
30,232,own sorting network,3332591700
30,232,openmp sorting network,3013700
30,232,sequential sorting network,2781300
30,232,std::sort,1153300
40,232,own sorting network,5714586100
40,232,openmp sorting network,5082500
40,232,sequential sorting network,4722000
40,232,std::sort,1936200
50,232,own sorting network,9111074300
50,232,openmp sorting network,7313600
50,232,sequential sorting network,7022300
50,232,std::sort,2878600
60,232,own sorting network,13156019100
60,232,openmp sorting network,10083600
60,232,sequential sorting network,9847300
60,232,std::sort,3990700
70,232,own sorting network,17889721700
70,232,openmp sorting network,13246100
70,232,sequential sorting network,13006100
70,232,std::sort,5294200
80,232,own sorting network,23242813900
80,232,openmp sorting network,16927600
80,232,sequential sorting network,16825900
80,232,std::sort,6793300
90,232,own sorting network,28744108000
90,232,openmp sorting network,21072500
90,232,sequential sorting network,21042700
90,232,std::sort,8465900
100,232,own sorting network,34525221100
100,232,openmp sorting network,25781700
100,232,sequential sorting network,25834400
100,232,std::sort,10360200
10,240,own sorting network,566711500
10,240,openmp sorting network,551700
10,240,sequential sorting network,531300
10,240,std::sort,192100
20,240,own sorting network,1769604700
20,240,openmp sorting network,1516900
20,240,sequential sorting network,1520900
20,240,std::sort,585400
30,240,own sorting network,3348586600
30,240,openmp sorting network,2985200
30,240,sequential sorting network,3309800
30,240,std::sort,1188100
40,240,own sorting network,5278435300
40,240,openmp sorting network,5151700
40,240,sequential sorting network,5258700
40,240,std::sort,1981000
50,240,own sorting network,7989525300
50,240,openmp sorting network,7775000
50,240,sequential sorting network,7872600
50,240,std::sort,2952200
60,240,own sorting network,11482208600
60,240,openmp sorting network,10626800
60,240,sequential sorting network,10736200
60,240,std::sort,4143000
70,240,own sorting network,15825006400
70,240,openmp sorting network,13882500
70,240,sequential sorting network,13929100
70,240,std::sort,5426200
80,240,own sorting network,20982062000
80,240,openmp sorting network,17592500
80,240,sequential sorting network,17739500
80,240,std::sort,6925900
90,240,own sorting network,26679259400
90,240,openmp sorting network,21954300
90,240,sequential sorting network,22024600
90,240,std::sort,8734600
100,240,own sorting network,32743536800
100,240,openmp sorting network,26761700
100,240,sequential sorting network,26579500
100,240,std::sort,10561200
10,248,own sorting network,616584000
10,248,openmp sorting network,483300
10,248,sequential sorting network,522000
10,248,std::sort,191500
20,248,own sorting network,1812210400
20,248,openmp sorting network,1422100
20,248,sequential sorting network,1460800
20,248,std::sort,652500
30,248,own sorting network,3846562900
30,248,openmp sorting network,2902500
30,248,sequential sorting network,2914600
30,248,std::sort,1241400
40,248,own sorting network,6116704800
40,248,openmp sorting network,4754000
40,248,sequential sorting network,4728100
40,248,std::sort,1984000
50,248,own sorting network,8869228600
50,248,openmp sorting network,7087100
50,248,sequential sorting network,7152000
50,248,std::sort,2954700
60,248,own sorting network,11913323200
60,248,openmp sorting network,9876200
60,248,sequential sorting network,9972800
60,248,std::sort,4097400
70,248,own sorting network,15818653700
70,248,openmp sorting network,15786800
70,248,sequential sorting network,20801400
70,248,std::sort,6323300
80,248,own sorting network,20282968700
80,248,openmp sorting network,19480800
80,248,sequential sorting network,24439700
80,248,std::sort,7805500
90,248,own sorting network,25266874500
90,248,openmp sorting network,23673500
90,248,sequential sorting network,28868900
90,248,std::sort,9518700
100,248,own sorting network,31042276200
100,248,openmp sorting network,28356100
100,248,sequential sorting network,34865700
100,248,std::sort,11428300
10,256,own sorting network,653827500
10,256,openmp sorting network,496900
10,256,sequential sorting network,494300
10,256,std::sort,196800
20,256,own sorting network,1377110900
20,256,openmp sorting network,1655000
20,256,sequential sorting network,1703100
20,256,std::sort,660100
30,256,own sorting network,3008518200
30,256,openmp sorting network,3167000
30,256,sequential sorting network,3181000
30,256,std::sort,1243800
40,256,own sorting network,5544653100
40,256,openmp sorting network,5194600
40,256,sequential sorting network,5209000
40,256,std::sort,2058800
50,256,own sorting network,7981680300
50,256,openmp sorting network,7630500
50,256,sequential sorting network,7716400
50,256,std::sort,3043000
60,256,own sorting network,11583207700
60,256,openmp sorting network,10543000
60,256,sequential sorting network,10686300
60,256,std::sort,4222900
70,256,own sorting network,15224635600
70,256,openmp sorting network,14346900
70,256,sequential sorting network,15349900
70,256,std::sort,5749500
80,256,own sorting network,19280238700
80,256,openmp sorting network,18463500
80,256,sequential sorting network,19599100
80,256,std::sort,7430800
90,256,own sorting network,24609556100
90,256,openmp sorting network,22895500
90,256,sequential sorting network,23990000
90,256,std::sort,9198200
100,256,own sorting network,30145790400
100,256,openmp sorting network,27901800
100,256,sequential sorting network,29007600
100,256,std::sort,11218900
10,8,own sorting network,5663100
10,8,openmp sorting network,4200
10,8,sequential sorting network,4300
10,8,std::sort,2700
20,8,own sorting network,16582200
20,8,openmp sorting network,12000
20,8,sequential sorting network,12100
20,8,std::sort,8400
30,8,own sorting network,33031500
30,8,openmp sorting network,23200
30,8,sequential sorting network,22900
30,8,std::sort,16500
40,8,own sorting network,54704300
40,8,openmp sorting network,37400
40,8,sequential sorting network,38000
40,8,std::sort,27100
50,8,own sorting network,82010900
50,8,openmp sorting network,56300
50,8,sequential sorting network,55600
50,8,std::sort,39400
60,8,own sorting network,114661100
60,8,openmp sorting network,77400
60,8,sequential sorting network,76800
60,8,std::sort,55300
70,8,own sorting network,153473700
70,8,openmp sorting network,101500
70,8,sequential sorting network,100800
70,8,std::sort,73400
80,8,own sorting network,197223800
80,8,openmp sorting network,130100
80,8,sequential sorting network,128200
80,8,std::sort,93500
90,8,own sorting network,246448600
90,8,openmp sorting network,161800
90,8,sequential sorting network,159100
90,8,std::sort,115800
100,8,own sorting network,301154100
100,8,openmp sorting network,195600
100,8,sequential sorting network,192000
100,8,std::sort,140900
10,16,own sorting network,17954400
10,16,openmp sorting network,12600
10,16,sequential sorting network,11900
10,16,std::sort,6700
20,16,own sorting network,53921500
20,16,openmp sorting network,35500
20,16,sequential sorting network,34500
20,16,std::sort,18900
30,16,own sorting network,108594000
30,16,openmp sorting network,68900
30,16,sequential sorting network,67500
30,16,std::sort,37900
40,16,own sorting network,180279800
40,16,openmp sorting network,112000
40,16,sequential sorting network,110700
40,16,std::sort,70400
50,16,own sorting network,271665900
50,16,openmp sorting network,171900
50,16,sequential sorting network,164300
50,16,std::sort,100700
60,16,own sorting network,383452300
60,16,openmp sorting network,235900
60,16,sequential sorting network,229100
60,16,std::sort,136800
70,16,own sorting network,513523500
70,16,openmp sorting network,309700
70,16,sequential sorting network,302100
70,16,std::sort,178400
80,16,own sorting network,660442100
80,16,openmp sorting network,395300
80,16,sequential sorting network,386100
80,16,std::sort,227200
90,16,own sorting network,823781500
90,16,openmp sorting network,503400
90,16,sequential sorting network,482300
90,16,std::sort,280500
100,16,own sorting network,1006490200
100,16,openmp sorting network,605700
100,16,sequential sorting network,582800
100,16,std::sort,337200
10,24,own sorting network,39656100
10,24,openmp sorting network,23300
10,24,sequential sorting network,22000
10,24,std::sort,12400
20,24,own sorting network,119473300
20,24,openmp sorting network,65400
20,24,sequential sorting network,63100
20,24,std::sort,36300
30,24,own sorting network,239738700
30,24,openmp sorting network,128800
30,24,sequential sorting network,125900
30,24,std::sort,72900
40,24,own sorting network,402935600
40,24,openmp sorting network,212200
40,24,sequential sorting network,208500
40,24,std::sort,120900
50,24,own sorting network,606052200
50,24,openmp sorting network,324400
50,24,sequential sorting network,312000
50,24,std::sort,180700
60,24,own sorting network,848600600
60,24,openmp sorting network,445600
60,24,sequential sorting network,433800
60,24,std::sort,250200
70,24,own sorting network,1124513500
70,24,openmp sorting network,584500
70,24,sequential sorting network,573100
70,24,std::sort,330000
80,24,own sorting network,1449156100
80,24,openmp sorting network,758800
80,24,sequential sorting network,737700
80,24,std::sort,424400
90,24,own sorting network,1810339200
90,24,openmp sorting network,936200
90,24,sequential sorting network,914300
90,24,std::sort,528400
100,24,own sorting network,2208652000
100,24,openmp sorting network,1139300
100,24,sequential sorting network,1118500
100,24,std::sort,646400
10,32,own sorting network,52682600
10,32,openmp sorting network,32400
10,32,sequential sorting network,31400
10,32,std::sort,17600
20,32,own sorting network,162823800
20,32,openmp sorting network,92800
20,32,sequential sorting network,92400
20,32,std::sort,54500
30,32,own sorting network,322848800
30,32,openmp sorting network,186900
30,32,sequential sorting network,181300
30,32,std::sort,107500
40,32,own sorting network,532602200
40,32,openmp sorting network,300100
40,32,sequential sorting network,294500
40,32,std::sort,175700
50,32,own sorting network,792747700
50,32,openmp sorting network,440800
50,32,sequential sorting network,435700
50,32,std::sort,270600
60,32,own sorting network,1105101000
60,32,openmp sorting network,615300
60,32,sequential sorting network,613500
60,32,std::sort,377600
70,32,own sorting network,1475612400
70,32,openmp sorting network,812300
70,32,sequential sorting network,809900
70,32,std::sort,495100
80,32,own sorting network,1885207500
80,32,openmp sorting network,1078900
80,32,sequential sorting network,1042500
80,32,std::sort,630100
90,32,own sorting network,2351300100
90,32,openmp sorting network,1332100
90,32,sequential sorting network,1299800
90,32,std::sort,785200
100,32,own sorting network,2870458800
100,32,openmp sorting network,1621100
100,32,sequential sorting network,1582800
100,32,std::sort,1021000
10,40,own sorting network,89185700
10,40,openmp sorting network,46900
10,40,sequential sorting network,46100
10,40,std::sort,23100
20,40,own sorting network,269017300
20,40,openmp sorting network,138300
20,40,sequential sorting network,137000
20,40,std::sort,70200
30,40,own sorting network,535718900
30,40,openmp sorting network,270000
30,40,sequential sorting network,268100
30,40,std::sort,137000
40,40,own sorting network,888916800
40,40,openmp sorting network,444000
40,40,sequential sorting network,441900
40,40,std::sort,225300
50,40,own sorting network,1337622300
50,40,openmp sorting network,682800
50,40,sequential sorting network,664100
50,40,std::sort,337800
60,40,own sorting network,1901692200
60,40,openmp sorting network,942200
60,40,sequential sorting network,931600
60,40,std::sort,468900
70,40,own sorting network,2542194000
70,40,openmp sorting network,1269100
70,40,sequential sorting network,1247100
70,40,std::sort,630300
80,40,own sorting network,3274569100
80,40,openmp sorting network,1624100
80,40,sequential sorting network,1612000
80,40,std::sort,816100
90,40,own sorting network,4102081900
90,40,openmp sorting network,2012600
90,40,sequential sorting network,2009900
90,40,std::sort,1013000
100,40,own sorting network,5002615700
100,40,openmp sorting network,2457500
100,40,sequential sorting network,2445700
100,40,std::sort,1229300
10,48,own sorting network,107843600
10,48,openmp sorting network,58500
10,48,sequential sorting network,57200
10,48,std::sort,28400
20,48,own sorting network,322025600
20,48,openmp sorting network,171200
20,48,sequential sorting network,169700
20,48,std::sort,84000
30,48,own sorting network,641707100
30,48,openmp sorting network,335500
30,48,sequential sorting network,333000
30,48,std::sort,167100
40,48,own sorting network,1071051200
40,48,openmp sorting network,554400
40,48,sequential sorting network,550500
40,48,std::sort,277400
50,48,own sorting network,1609338400
50,48,openmp sorting network,835800
50,48,sequential sorting network,829400
50,48,std::sort,418100
60,48,own sorting network,2266831300
60,48,openmp sorting network,1161200
60,48,sequential sorting network,1162000
60,48,std::sort,583400
70,48,own sorting network,3032975700
70,48,openmp sorting network,1540300
70,48,sequential sorting network,1562700
70,48,std::sort,791900
80,48,own sorting network,3900703400
80,48,openmp sorting network,1968600
80,48,sequential sorting network,1997100
80,48,std::sort,1031000
90,48,own sorting network,4877294200
90,48,openmp sorting network,2451300
90,48,sequential sorting network,2490300
90,48,std::sort,1276100
100,48,own sorting network,5958709600
100,48,openmp sorting network,2995800
100,48,sequential sorting network,3023800
100,48,std::sort,1557800
10,56,own sorting network,123717700
10,56,openmp sorting network,69900
10,56,sequential sorting network,68100
10,56,std::sort,34500
20,56,own sorting network,373297000
20,56,openmp sorting network,203600
20,56,sequential sorting network,200000
20,56,std::sort,101800
30,56,own sorting network,747081500
30,56,openmp sorting network,400700
30,56,sequential sorting network,395600
30,56,std::sort,202800
40,56,own sorting network,1245252000
40,56,openmp sorting network,674800
40,56,sequential sorting network,655800
40,56,std::sort,334400
50,56,own sorting network,1870152200
50,56,openmp sorting network,1008600
50,56,sequential sorting network,1010800
50,56,std::sort,504400
60,56,own sorting network,2615471700
60,56,openmp sorting network,1396800
60,56,sequential sorting network,1397900
60,56,std::sort,701400
70,56,own sorting network,3501181500
70,56,openmp sorting network,1869400
70,56,sequential sorting network,1861000
70,56,std::sort,936900
80,56,own sorting network,4497448300
80,56,openmp sorting network,2421800
80,56,sequential sorting network,2401100
80,56,std::sort,1206400
90,56,own sorting network,5612607800
90,56,openmp sorting network,3026200
90,56,sequential sorting network,3005200
90,56,std::sort,1509800
100,56,own sorting network,6858518600
100,56,openmp sorting network,3678200
100,56,sequential sorting network,3651600
100,56,std::sort,1839400
10,64,own sorting network,138567700
10,64,openmp sorting network,83100
10,64,sequential sorting network,89600
10,64,std::sort,40200
20,64,own sorting network,415205200
20,64,openmp sorting network,245100
20,64,sequential sorting network,249500
20,64,std::sort,121800
30,64,own sorting network,836841600
30,64,openmp sorting network,479600
30,64,sequential sorting network,483400
30,64,std::sort,239600
40,64,own sorting network,1397512100
40,64,openmp sorting network,786900
40,64,sequential sorting network,801000
40,64,std::sort,396800
50,64,own sorting network,2094665900
50,64,openmp sorting network,1179200
50,64,sequential sorting network,1203300
50,64,std::sort,596300
60,64,own sorting network,2946450600
60,64,openmp sorting network,1635900
60,64,sequential sorting network,1671000
60,64,std::sort,827700
70,64,own sorting network,3930236700
70,64,openmp sorting network,2169700
70,64,sequential sorting network,2213300
70,64,std::sort,1099200
80,64,own sorting network,5033867900
80,64,openmp sorting network,2804500
80,64,sequential sorting network,2851400
80,64,std::sort,1414600
90,64,own sorting network,6283954800
90,64,openmp sorting network,3493700
90,64,sequential sorting network,3548600
90,64,std::sort,1768700
100,64,own sorting network,7678868000
100,64,openmp sorting network,4285000
100,64,sequential sorting network,4360800
100,64,std::sort,2165700
10,72,own sorting network,209035300
10,72,openmp sorting network,119300
10,72,sequential sorting network,105100
10,72,std::sort,46300
20,72,own sorting network,627890400
20,72,openmp sorting network,327600
20,72,sequential sorting network,311000
20,72,std::sort,136300
30,72,own sorting network,1253613800
30,72,openmp sorting network,638000
30,72,sequential sorting network,616600
30,72,std::sort,270200
40,72,own sorting network,2079413600
40,72,openmp sorting network,1048800
40,72,sequential sorting network,1054100
40,72,std::sort,448200
50,72,own sorting network,3124315300
50,72,openmp sorting network,1562300
50,72,sequential sorting network,1566400
50,72,std::sort,669900
60,72,own sorting network,4378340100
60,72,openmp sorting network,2178600
60,72,sequential sorting network,2191200
60,72,std::sort,946500
70,72,own sorting network,5831294600
70,72,openmp sorting network,2897400
70,72,sequential sorting network,2908200
70,72,std::sort,1256900
80,72,own sorting network,7475375400
80,72,openmp sorting network,3709300
80,72,sequential sorting network,3723500
80,72,std::sort,1613400
90,72,own sorting network,9306426100
90,72,openmp sorting network,4633500
90,72,sequential sorting network,4651700
90,72,std::sort,2021600
100,72,own sorting network,11356241000
100,72,openmp sorting network,5647100
100,72,sequential sorting network,5669300
100,72,std::sort,2466300
10,80,own sorting network,224003200
10,80,openmp sorting network,119800
10,80,sequential sorting network,117300
10,80,std::sort,52300
20,80,own sorting network,658682600
20,80,openmp sorting network,358300
20,80,sequential sorting network,354700
20,80,std::sort,157400
30,80,own sorting network,1318857900
30,80,openmp sorting network,701100
30,80,sequential sorting network,717400
30,80,std::sort,310800
40,80,own sorting network,2185050800
40,80,openmp sorting network,1158800
40,80,sequential sorting network,1184600
40,80,std::sort,513200
50,80,own sorting network,3240719300
50,80,openmp sorting network,1781000
50,80,sequential sorting network,1792700
50,80,std::sort,778700
60,80,own sorting network,4510010600
60,80,openmp sorting network,2521700
60,80,sequential sorting network,2526000
60,80,std::sort,1106800
70,80,own sorting network,6043644000
70,80,openmp sorting network,3417300
70,80,sequential sorting network,3393900
70,80,std::sort,1490300
80,80,own sorting network,7765201000
80,80,openmp sorting network,4356800
80,80,sequential sorting network,4336800
80,80,std::sort,1901600
90,80,own sorting network,9662502300
90,80,openmp sorting network,5408400
90,80,sequential sorting network,5404500
90,80,std::sort,2374300
100,80,own sorting network,11778433600
100,80,openmp sorting network,6680700
100,80,sequential sorting network,6685700
100,80,std::sort,2929500
10,88,own sorting network,243288600
10,88,openmp sorting network,145100
10,88,sequential sorting network,141600
10,88,std::sort,62900
20,88,own sorting network,681242900
20,88,openmp sorting network,434300
20,88,sequential sorting network,435600
20,88,std::sort,207400
30,88,own sorting network,1384931200
30,88,openmp sorting network,892200
30,88,sequential sorting network,866400
30,88,std::sort,397900
40,88,own sorting network,2333911000
40,88,openmp sorting network,1445300
40,88,sequential sorting network,1422400
40,88,std::sort,642700
50,88,own sorting network,3455188700
50,88,openmp sorting network,2140200
50,88,sequential sorting network,2115900
50,88,std::sort,947600
60,88,own sorting network,4857843500
60,88,openmp sorting network,2945400
60,88,sequential sorting network,2939600
60,88,std::sort,1294000
70,88,own sorting network,6424483300
70,88,openmp sorting network,4105500
70,88,sequential sorting network,3990300
70,88,std::sort,1893800
80,88,own sorting network,8226877000
80,88,openmp sorting network,5185100
80,88,sequential sorting network,5079000
80,88,std::sort,2379600
90,88,own sorting network,10409927500
90,88,openmp sorting network,6379600
90,88,sequential sorting network,6250400
90,88,std::sort,2906700
100,88,own sorting network,12639186400
100,88,openmp sorting network,7790100
100,88,sequential sorting network,8672400
100,88,std::sort,3548200
10,96,own sorting network,255375700
10,96,openmp sorting network,155000
10,96,sequential sorting network,157700
10,96,std::sort,69400
20,96,own sorting network,764926400
20,96,openmp sorting network,446200
20,96,sequential sorting network,438400
20,96,std::sort,196300
30,96,own sorting network,1505736200
30,96,openmp sorting network,888700
30,96,sequential sorting network,886000
30,96,std::sort,389700
40,96,own sorting network,2553312400
40,96,openmp sorting network,1469800
40,96,sequential sorting network,1443900
40,96,std::sort,642100
50,96,own sorting network,3862844200
50,96,openmp sorting network,2147700
50,96,sequential sorting network,2131800
50,96,std::sort,949100
60,96,own sorting network,5427698700
60,96,openmp sorting network,3009600
60,96,sequential sorting network,3019900
60,96,std::sort,1343000
70,96,own sorting network,7181309900
70,96,openmp sorting network,3980400
70,96,sequential sorting network,4011400
70,96,std::sort,1776600
80,96,own sorting network,9184414300
80,96,openmp sorting network,5091700
80,96,sequential sorting network,5126700
80,96,std::sort,2315000
90,96,own sorting network,11453066900
90,96,openmp sorting network,6381800
90,96,sequential sorting network,6391400
90,96,std::sort,2877300
100,96,own sorting network,13948008900
100,96,openmp sorting network,7786300
100,96,sequential sorting network,7815600
100,96,std::sort,3546200
10,104,own sorting network,269183600
10,104,openmp sorting network,160000
10,104,sequential sorting network,156100
10,104,std::sort,70300
20,104,own sorting network,800930800
20,104,openmp sorting network,497300
20,104,sequential sorting network,471500
20,104,std::sort,210800
30,104,own sorting network,1624228000
30,104,openmp sorting network,968800
30,104,sequential sorting network,932600
30,104,std::sort,425300
40,104,own sorting network,2723660200
40,104,openmp sorting network,1602100
40,104,sequential sorting network,1580100
40,104,std::sort,700800
50,104,own sorting network,4115607800
50,104,openmp sorting network,2401400
50,104,sequential sorting network,2373800
50,104,std::sort,1054200
60,104,own sorting network,5787509200
60,104,openmp sorting network,3313000
60,104,sequential sorting network,3277500
60,104,std::sort,1457500
70,104,own sorting network,7732563800
70,104,openmp sorting network,4401900
70,104,sequential sorting network,4356700
70,104,std::sort,1937000
80,104,own sorting network,9972298500
80,104,openmp sorting network,5696200
80,104,sequential sorting network,5621600
80,104,std::sort,2486600
90,104,own sorting network,12520189700
90,104,openmp sorting network,7234200
90,104,sequential sorting network,7104400
90,104,std::sort,3144200
100,104,own sorting network,15204541300
100,104,openmp sorting network,8771400
100,104,sequential sorting network,8645400
100,104,std::sort,3837200
10,112,own sorting network,288180600
10,112,openmp sorting network,171300
10,112,sequential sorting network,185400
10,112,std::sort,76200
20,112,own sorting network,822428100
20,112,openmp sorting network,507200
20,112,sequential sorting network,521900
20,112,std::sort,228800
30,112,own sorting network,1653352800
30,112,openmp sorting network,1045900
30,112,sequential sorting network,1057900
30,112,std::sort,464400
40,112,own sorting network,2765392600
40,112,openmp sorting network,1735200
40,112,sequential sorting network,1748000
40,112,std::sort,772400
50,112,own sorting network,4161764100
50,112,openmp sorting network,2595200
50,112,sequential sorting network,2606400
50,112,std::sort,1158900
60,112,own sorting network,5811033900
60,112,openmp sorting network,3630200
60,112,sequential sorting network,3661700
60,112,std::sort,1624400
70,112,own sorting network,7721362100
70,112,openmp sorting network,4877000
70,112,sequential sorting network,4913000
70,112,std::sort,2181000
80,112,own sorting network,9915232400
80,112,openmp sorting network,6283200
80,112,sequential sorting network,6284200
80,112,std::sort,2809600
90,112,own sorting network,12393809200
90,112,openmp sorting network,7851900
90,112,sequential sorting network,7971400
90,112,std::sort,3547600
100,112,own sorting network,15094040000
100,112,openmp sorting network,9595600
100,112,sequential sorting network,9738000
100,112,std::sort,4325600
10,120,own sorting network,301820500
10,120,openmp sorting network,192400
10,120,sequential sorting network,199500
10,120,std::sort,85400
20,120,own sorting network,882027000
20,120,openmp sorting network,585900
20,120,sequential sorting network,575400
20,120,std::sort,294400
30,120,own sorting network,1733028500
30,120,openmp sorting network,1151700
30,120,sequential sorting network,1134000
30,120,std::sort,554600
40,120,own sorting network,2840192100
40,120,openmp sorting network,1919700
40,120,sequential sorting network,1898900
40,120,std::sort,902600
50,120,own sorting network,4288764700
50,120,openmp sorting network,2850400
50,120,sequential sorting network,2828100
50,120,std::sort,1331700
60,120,own sorting network,5984926200
60,120,openmp sorting network,4096100
60,120,sequential sorting network,4074900
60,120,std::sort,1869200
70,120,own sorting network,8046062100
70,120,openmp sorting network,5401500
70,120,sequential sorting network,5387500
70,120,std::sort,2456700
80,120,own sorting network,10364883900
80,120,openmp sorting network,6880700
80,120,sequential sorting network,6887800
80,120,std::sort,3132600
90,120,own sorting network,12911643400
90,120,openmp sorting network,8594800
90,120,sequential sorting network,8555800
90,120,std::sort,3889500
100,120,own sorting network,15807230000
100,120,openmp sorting network,10674100
100,120,sequential sorting network,10688700
100,120,std::sort,4801800
10,128,own sorting network,313656800
10,128,openmp sorting network,222100
10,128,sequential sorting network,220200
10,128,std::sort,98600
20,128,own sorting network,900667700
20,128,openmp sorting network,667100
20,128,sequential sorting network,650700
20,128,std::sort,289100
30,128,own sorting network,1799457100
30,128,openmp sorting network,1280300
30,128,sequential sorting network,1255200
30,128,std::sort,567400
40,128,own sorting network,2996167700
40,128,openmp sorting network,2091600
40,128,sequential sorting network,2075900
40,128,std::sort,927300
50,128,own sorting network,4455595900
50,128,openmp sorting network,3317000
50,128,sequential sorting network,3118700
50,128,std::sort,1374500
60,128,own sorting network,6152932200
60,128,openmp sorting network,4648200
60,128,sequential sorting network,4431600
60,128,std::sort,1958500
70,128,own sorting network,8181097600
70,128,openmp sorting network,6088900
70,128,sequential sorting network,5904400
70,128,std::sort,2610400
80,128,own sorting network,10518264300
80,128,openmp sorting network,7757000
80,128,sequential sorting network,7520000
80,128,std::sort,3333200
90,128,own sorting network,13147906700
90,128,openmp sorting network,9658500
90,128,sequential sorting network,9454600
90,128,std::sort,4188200
100,128,own sorting network,16187844700
100,128,openmp sorting network,11799500
100,128,sequential sorting network,11757900
100,128,std::sort,5142500
10,136,own sorting network,403130500
10,136,openmp sorting network,283700
10,136,sequential sorting network,260200
10,136,std::sort,100900
20,136,own sorting network,1199476900
20,136,openmp sorting network,780500
20,136,sequential sorting network,753800
20,136,std::sort,295300
30,136,own sorting network,2404122500
30,136,openmp sorting network,1527900
30,136,sequential sorting network,1496800
30,136,std::sort,585700
40,136,own sorting network,3962889400
40,136,openmp sorting network,2515100
40,136,sequential sorting network,2491100
40,136,std::sort,980200
50,136,own sorting network,5910249500
50,136,openmp sorting network,3815600
50,136,sequential sorting network,3801800
50,136,std::sort,1487300
60,136,own sorting network,8217822600
60,136,openmp sorting network,5298100
60,136,sequential sorting network,5306600
60,136,std::sort,2075000
70,136,own sorting network,10882066600
70,136,openmp sorting network,7025700
70,136,sequential sorting network,7048300
70,136,std::sort,2779700
80,136,own sorting network,13997449400
80,136,openmp sorting network,8946700
80,136,sequential sorting network,9002400
80,136,std::sort,3537300
90,136,own sorting network,17552626700
90,136,openmp sorting network,11280400
90,136,sequential sorting network,11208900
90,136,std::sort,4392600
100,136,own sorting network,21795066900
100,136,openmp sorting network,13670400
100,136,sequential sorting network,13626300
100,136,std::sort,5340600
10,144,own sorting network,437464300
10,144,openmp sorting network,276500
10,144,sequential sorting network,264300
10,144,std::sort,105600
20,144,own sorting network,1285031000
20,144,openmp sorting network,816800
20,144,sequential sorting network,813100
20,144,std::sort,320300
30,144,own sorting network,2499343000
30,144,openmp sorting network,1586600
30,144,sequential sorting network,1571600
30,144,std::sort,624300
40,144,own sorting network,4106912400
40,144,openmp sorting network,2640300
40,144,sequential sorting network,2645000
40,144,std::sort,1046900
50,144,own sorting network,6110309500
50,144,openmp sorting network,4014900
50,144,sequential sorting network,4000100
50,144,std::sort,1579400
60,144,own sorting network,8529228200
60,144,openmp sorting network,5582000
60,144,sequential sorting network,5583500
60,144,std::sort,2204700
70,144,own sorting network,11309192800
70,144,openmp sorting network,7424000
70,144,sequential sorting network,7457600
70,144,std::sort,2914000
80,144,own sorting network,14576027300
80,144,openmp sorting network,9493900
80,144,sequential sorting network,9489500
80,144,std::sort,3726900
90,144,own sorting network,18275494900
90,144,openmp sorting network,12153600
90,144,sequential sorting network,11886600
90,144,std::sort,5045000
100,144,own sorting network,22321823700
100,144,openmp sorting network,14791200
100,144,sequential sorting network,14519400
100,144,std::sort,6083100
10,152,own sorting network,421032800
10,152,openmp sorting network,318100
10,152,sequential sorting network,298500
10,152,std::sort,119100
20,152,own sorting network,1324799100
20,152,openmp sorting network,904000
20,152,sequential sorting network,867200
20,152,std::sort,340000
30,152,own sorting network,2772740900
30,152,openmp sorting network,1718800
30,152,sequential sorting network,1692700
30,152,std::sort,670500
40,152,own sorting network,4501676400
40,152,openmp sorting network,2789900
40,152,sequential sorting network,2778100
40,152,std::sort,1107600
50,152,own sorting network,6535613700
50,152,openmp sorting network,4163400
50,152,sequential sorting network,4146200
50,152,std::sort,1645100
60,152,own sorting network,9323499000
60,152,openmp sorting network,5850600
60,152,sequential sorting network,5812600
60,152,std::sort,2317300
70,152,own sorting network,12703993700
70,152,openmp sorting network,7779600
70,152,sequential sorting network,7903600
70,152,std::sort,3077400
80,152,own sorting network,16234051100
80,152,openmp sorting network,9978800
80,152,sequential sorting network,10107700
80,152,std::sort,3939000
90,152,own sorting network,20081602100
90,152,openmp sorting network,12687800
90,152,sequential sorting network,12783400
90,152,std::sort,4983700
100,152,own sorting network,24234639500
100,152,openmp sorting network,15720100
100,152,sequential sorting network,15764100
100,152,std::sort,6162200
10,160,own sorting network,439274000
10,160,openmp sorting network,299000
10,160,sequential sorting network,296600
10,160,std::sort,126300
20,160,own sorting network,1277426700
20,160,openmp sorting network,932900
20,160,sequential sorting network,944000
20,160,std::sort,372200
30,160,own sorting network,2522964300
30,160,openmp sorting network,1797200
30,160,sequential sorting network,1802000
30,160,std::sort,713900
40,160,own sorting network,4276567800
40,160,openmp sorting network,2962200
40,160,sequential sorting network,2958600
40,160,std::sort,1190700
50,160,own sorting network,6314909100
50,160,openmp sorting network,4555700
50,160,sequential sorting network,4465200
50,160,std::sort,1817000
60,160,own sorting network,8939661900
60,160,openmp sorting network,6303300
60,160,sequential sorting network,6216600
60,160,std::sort,2516600
70,160,own sorting network,11945668600
70,160,openmp sorting network,8403200
70,160,sequential sorting network,8315000
70,160,std::sort,3395100
80,160,own sorting network,15894677400
80,160,openmp sorting network,10681700
80,160,sequential sorting network,10589500
80,160,std::sort,4316800
90,160,own sorting network,20462196700
90,160,openmp sorting network,13293100
90,160,sequential sorting network,13143100
90,160,std::sort,5368300
100,160,own sorting network,25582116800
100,160,openmp sorting network,16127700
100,160,sequential sorting network,15993700
100,160,std::sort,6510100
10,168,own sorting network,422470100
10,168,openmp sorting network,350900
10,168,sequential sorting network,331200
10,168,std::sort,132300
20,168,own sorting network,1447520800
20,168,openmp sorting network,967200
20,168,sequential sorting network,959100
20,168,std::sort,446700
30,168,own sorting network,2828373900
30,168,openmp sorting network,1884400
30,168,sequential sorting network,1864800
30,168,std::sort,809000
40,168,own sorting network,4651532900
40,168,openmp sorting network,3104300
40,168,sequential sorting network,3104100
40,168,std::sort,1294700
50,168,own sorting network,6853185600
50,168,openmp sorting network,4681800
50,168,sequential sorting network,4658500
50,168,std::sort,1920300
60,168,own sorting network,9543967600
60,168,openmp sorting network,6569000
60,168,sequential sorting network,6581900
60,168,std::sort,2670100
70,168,own sorting network,12657000300
70,168,openmp sorting network,8685100
70,168,sequential sorting network,8732300
70,168,std::sort,3521000
80,168,own sorting network,16192109200
80,168,openmp sorting network,11122300
80,168,sequential sorting network,11205900
80,168,std::sort,4492400
90,168,own sorting network,20365605200
90,168,openmp sorting network,13933200
90,168,sequential sorting network,13928600
90,168,std::sort,5583300
100,168,own sorting network,25006279200
100,168,openmp sorting network,16998200
100,168,sequential sorting network,16952100
100,168,std::sort,6794700
10,176,own sorting network,481713000
10,176,openmp sorting network,324900
10,176,sequential sorting network,329600
10,176,std::sort,129200
20,176,own sorting network,1460875200
20,176,openmp sorting network,968500
20,176,sequential sorting network,974500
20,176,std::sort,384900
30,176,own sorting network,2913786200
30,176,openmp sorting network,1923700
30,176,sequential sorting network,1947400
30,176,std::sort,767500
40,176,own sorting network,4971243300
40,176,openmp sorting network,3288000
40,176,sequential sorting network,3323500
40,176,std::sort,1302300
50,176,own sorting network,7703473000
50,176,openmp sorting network,4871800
50,176,sequential sorting network,4894300
50,176,std::sort,1953000
60,176,own sorting network,10908716400
60,176,openmp sorting network,6779000
60,176,sequential sorting network,6754600
60,176,std::sort,2727600
70,176,own sorting network,14727079600
70,176,openmp sorting network,8940100
70,176,sequential sorting network,8904100
70,176,std::sort,3606000
80,176,own sorting network,19115514200
80,176,openmp sorting network,11510600
80,176,sequential sorting network,11466500
80,176,std::sort,4671700
90,176,own sorting network,24122678000
90,176,openmp sorting network,14457200
90,176,sequential sorting network,14437800
90,176,std::sort,5857500
100,176,own sorting network,29728745300
100,176,openmp sorting network,17714300
100,176,sequential sorting network,17789700
100,176,std::sort,7169600
10,184,own sorting network,506268300
10,184,openmp sorting network,376400
10,184,sequential sorting network,376000
10,184,std::sort,148100
20,184,own sorting network,1572100000
20,184,openmp sorting network,1127700
20,184,sequential sorting network,1140100
20,184,std::sort,449000
30,184,own sorting network,3210759800
30,184,openmp sorting network,2408300
30,184,sequential sorting network,2296100
30,184,std::sort,919100
40,184,own sorting network,5373257800
40,184,openmp sorting network,3921000
40,184,sequential sorting network,3794600
40,184,std::sort,1528000
50,184,own sorting network,8090208000
50,184,openmp sorting network,5604300
50,184,sequential sorting network,5502200
50,184,std::sort,2208500
60,184,own sorting network,11571094000
60,184,openmp sorting network,7623100
60,184,sequential sorting network,7528400
60,184,std::sort,3014500
70,184,own sorting network,15450590800
70,184,openmp sorting network,10853300
70,184,sequential sorting network,10768400
70,184,std::sort,4126800
80,184,own sorting network,19697917500
80,184,openmp sorting network,13760000
80,184,sequential sorting network,13666300
80,184,std::sort,5296300
90,184,own sorting network,24500723800
90,184,openmp sorting network,17034500
90,184,sequential sorting network,16906100
90,184,std::sort,6606700
100,184,own sorting network,29672004900
100,184,openmp sorting network,20586300
100,184,sequential sorting network,20333800
100,184,std::sort,7988100
10,192,own sorting network,600109600
10,192,openmp sorting network,351200
10,192,sequential sorting network,354700
10,192,std::sort,142800
20,192,own sorting network,1833929800
20,192,openmp sorting network,1074900
20,192,sequential sorting network,1144600
20,192,std::sort,427100
30,192,own sorting network,3597894000
30,192,openmp sorting network,2127600
30,192,sequential sorting network,2194500
30,192,std::sort,850100
40,192,own sorting network,6013679400
40,192,openmp sorting network,3539400
40,192,sequential sorting network,3593700
40,192,std::sort,1427000
50,192,own sorting network,8976938500
50,192,openmp sorting network,5297600
50,192,sequential sorting network,5373600
50,192,std::sort,2140800
60,192,own sorting network,12490230100
60,192,openmp sorting network,7409500
60,192,sequential sorting network,7464200
60,192,std::sort,2988200
70,192,own sorting network,16594406500
70,192,openmp sorting network,9874300
70,192,sequential sorting network,9898700
70,192,std::sort,3984900
80,192,own sorting network,21324054200
80,192,openmp sorting network,12664800
80,192,sequential sorting network,12732000
80,192,std::sort,5113700
90,192,own sorting network,26622587900
90,192,openmp sorting network,15742700
90,192,sequential sorting network,15839600
90,192,std::sort,6362100
100,192,own sorting network,32621395000
100,192,openmp sorting network,19220600
100,192,sequential sorting network,19259300
100,192,std::sort,7743300
10,200,own sorting network,593657800
10,200,openmp sorting network,377600
10,200,sequential sorting network,382600
10,200,std::sort,155000
20,200,own sorting network,1838210800
20,200,openmp sorting network,1133700
20,200,sequential sorting network,1111200
20,200,std::sort,452100
30,200,own sorting network,3585313900
30,200,openmp sorting network,2342000
30,200,sequential sorting network,2313800
30,200,std::sort,929800
40,200,own sorting network,6015931900
40,200,openmp sorting network,3788100
40,200,sequential sorting network,3756800
40,200,std::sort,1510100
50,200,own sorting network,8998498300
50,200,openmp sorting network,5585000
50,200,sequential sorting network,5559900
50,200,std::sort,2227000
60,200,own sorting network,12593455100
60,200,openmp sorting network,7826500
60,200,sequential sorting network,7782500
60,200,std::sort,3118000
70,200,own sorting network,16554325600
70,200,openmp sorting network,10382800
70,200,sequential sorting network,10309400
70,200,std::sort,4129000
80,200,own sorting network,21226812500
80,200,openmp sorting network,13378900
80,200,sequential sorting network,13269100
80,200,std::sort,5319600
90,200,own sorting network,26580912200
90,200,openmp sorting network,16710400
90,200,sequential sorting network,16591500
90,200,std::sort,6668300
100,200,own sorting network,32599980500
100,200,openmp sorting network,20412700
100,200,sequential sorting network,20340200
100,200,std::sort,8151900
10,208,own sorting network,569790200
10,208,openmp sorting network,419100
10,208,sequential sorting network,431600
10,208,std::sort,169500
20,208,own sorting network,1842334500
20,208,openmp sorting network,1213500
20,208,sequential sorting network,1227200
20,208,std::sort,487600
30,208,own sorting network,3755626300
30,208,openmp sorting network,2369400
30,208,sequential sorting network,2394600
30,208,std::sort,967800
40,208,own sorting network,6261757500
40,208,openmp sorting network,3909500
40,208,sequential sorting network,3934400
40,208,std::sort,1620900
50,208,own sorting network,9423332200
50,208,openmp sorting network,5941500
50,208,sequential sorting network,5964300
50,208,std::sort,2445500
60,208,own sorting network,13222548200
60,208,openmp sorting network,8248600
60,208,sequential sorting network,8297700
60,208,std::sort,3389700
70,208,own sorting network,17641183200
70,208,openmp sorting network,11072000
70,208,sequential sorting network,11079000
70,208,std::sort,4505500
80,208,own sorting network,22640541100
80,208,openmp sorting network,14262800
80,208,sequential sorting network,14362600
80,208,std::sort,5772700
90,208,own sorting network,28062646500
90,208,openmp sorting network,17824100
90,208,sequential sorting network,17823200
90,208,std::sort,7164100
100,208,own sorting network,33182023100
100,208,openmp sorting network,21668400
100,208,sequential sorting network,21669700
100,208,std::sort,8703700
10,216,own sorting network,578855900
10,216,openmp sorting network,439700
10,216,sequential sorting network,469200
10,216,std::sort,176300
20,216,own sorting network,1704014100
20,216,openmp sorting network,1292600
20,216,sequential sorting network,1291000
20,216,std::sort,510000
30,216,own sorting network,3466032000
30,216,openmp sorting network,2494200
30,216,sequential sorting network,2498200
30,216,std::sort,1001900
40,216,own sorting network,6027923300
40,216,openmp sorting network,4096800
40,216,sequential sorting network,4096000
40,216,std::sort,1672200
50,216,own sorting network,8885484100
50,216,openmp sorting network,6175900
50,216,sequential sorting network,6182700
50,216,std::sort,2508900
60,216,own sorting network,12115219500
60,216,openmp sorting network,8685800
60,216,sequential sorting network,8699200
60,216,std::sort,3490300
70,216,own sorting network,15918164100
70,216,openmp sorting network,11564200
70,216,sequential sorting network,11502700
70,216,std::sort,4633100
80,216,own sorting network,20289400500
80,216,openmp sorting network,14786000
80,216,sequential sorting network,14722900
80,216,std::sort,5925300
90,216,own sorting network,25758882800
90,216,openmp sorting network,18368300
90,216,sequential sorting network,18309600
90,216,std::sort,7410000
100,216,own sorting network,31453460100
100,216,openmp sorting network,22397600
100,216,sequential sorting network,22308600
100,216,std::sort,9061900
10,224,own sorting network,505115600
10,224,openmp sorting network,417100
10,224,sequential sorting network,421100
10,224,std::sort,167100
20,224,own sorting network,1595707500
20,224,openmp sorting network,1234000
20,224,sequential sorting network,1245700
20,224,std::sort,495500
30,224,own sorting network,3265611300
30,224,openmp sorting network,2451000
30,224,sequential sorting network,2483200
30,224,std::sort,985200
40,224,own sorting network,5343824500
40,224,openmp sorting network,4113800
40,224,sequential sorting network,4183400
40,224,std::sort,1662400
50,224,own sorting network,8434006600
50,224,openmp sorting network,6185200
50,224,sequential sorting network,6221900
50,224,std::sort,2513400
60,224,own sorting network,12337746600
60,224,openmp sorting network,8823600
60,224,sequential sorting network,8805600
60,224,std::sort,3563700
70,224,own sorting network,16880607700
70,224,openmp sorting network,11659400
70,224,sequential sorting network,11676400
70,224,std::sort,4711100
80,224,own sorting network,21912094000
80,224,openmp sorting network,14918200
80,224,sequential sorting network,14943300
80,224,std::sort,6028300
90,224,own sorting network,27679550300
90,224,openmp sorting network,18778700
90,224,sequential sorting network,18704700
90,224,std::sort,7543500
100,224,own sorting network,34267790100
100,224,openmp sorting network,23107700
100,224,sequential sorting network,22993400
100,224,std::sort,9278600
10,232,own sorting network,643710200
10,232,openmp sorting network,462300
10,232,sequential sorting network,456200
10,232,std::sort,181100
20,232,own sorting network,2000215900
20,232,openmp sorting network,1343800
20,232,sequential sorting network,1328600
20,232,std::sort,532800
30,232,own sorting network,4080107000
30,232,openmp sorting network,2675300
30,232,sequential sorting network,2641500
30,232,std::sort,1057000
40,232,own sorting network,6812683100
40,232,openmp sorting network,4455800
40,232,sequential sorting network,4453600
40,232,std::sort,1782700
50,232,own sorting network,10145217700
50,232,openmp sorting network,6671100
50,232,sequential sorting network,6659500
50,232,std::sort,2682300
60,232,own sorting network,14247891600
60,232,openmp sorting network,9406000
60,232,sequential sorting network,9324300
60,232,std::sort,3761000
70,232,own sorting network,18971044500
70,232,openmp sorting network,12561000
70,232,sequential sorting network,12594000
70,232,std::sort,5017500
80,232,own sorting network,24286109200
80,232,openmp sorting network,16068300
80,232,sequential sorting network,16083300
80,232,std::sort,6418800
90,232,own sorting network,29840704500
90,232,openmp sorting network,20047200
90,232,sequential sorting network,19987000
90,232,std::sort,7990700
100,232,own sorting network,35339696500
100,232,openmp sorting network,24416600
100,232,sequential sorting network,24346600
100,232,std::sort,9745500
10,240,own sorting network,572036100
10,240,openmp sorting network,453300
10,240,sequential sorting network,452300
10,240,std::sort,182600
20,240,own sorting network,1695177100
20,240,openmp sorting network,1396000
20,240,sequential sorting network,1374500
20,240,std::sort,558800
30,240,own sorting network,3509005500
30,240,openmp sorting network,2791800
30,240,sequential sorting network,2751700
30,240,std::sort,1125400
40,240,own sorting network,5992285200
40,240,openmp sorting network,4862900
40,240,sequential sorting network,4625600
40,240,std::sort,1868800
50,240,own sorting network,8764479200
50,240,openmp sorting network,7154300
50,240,sequential sorting network,6870000
50,240,std::sort,2780900
60,240,own sorting network,12183315400
60,240,openmp sorting network,9853100
60,240,sequential sorting network,9569100
60,240,std::sort,3920300
70,240,own sorting network,16249244500
70,240,openmp sorting network,12983000
70,240,sequential sorting network,12722900
70,240,std::sort,5201600
80,240,own sorting network,20807100900
80,240,openmp sorting network,16591700
80,240,sequential sorting network,16439100
80,240,std::sort,6661400
90,240,own sorting network,25870807200
90,240,openmp sorting network,20804800
90,240,sequential sorting network,20634100
90,240,std::sort,8556300
100,240,own sorting network,31408706400
100,240,openmp sorting network,25311000
100,240,sequential sorting network,25120100
100,240,std::sort,10381700
10,248,own sorting network,506801700
10,248,openmp sorting network,502300
10,248,sequential sorting network,501400
10,248,std::sort,199100
20,248,own sorting network,1682159800
20,248,openmp sorting network,1451400
20,248,sequential sorting network,1447800
20,248,std::sort,582000
30,248,own sorting network,3411297000
30,248,openmp sorting network,2869900
30,248,sequential sorting network,2862200
30,248,std::sort,1185400
40,248,own sorting network,5692709500
40,248,openmp sorting network,4784300
40,248,sequential sorting network,4752900
40,248,std::sort,1945900
50,248,own sorting network,8757181800
50,248,openmp sorting network,7200400
50,248,sequential sorting network,7153600
50,248,std::sort,2922000
60,248,own sorting network,12542276400
60,248,openmp sorting network,10063600
60,248,sequential sorting network,9984500
60,248,std::sort,4082200
70,248,own sorting network,17504407700
70,248,openmp sorting network,13636600
70,248,sequential sorting network,13596400
70,248,std::sort,5511200
80,248,own sorting network,22752661600
80,248,openmp sorting network,17589300
80,248,sequential sorting network,17549100
80,248,std::sort,7145900
90,248,own sorting network,29028992800
90,248,openmp sorting network,21744000
90,248,sequential sorting network,21677300
90,248,std::sort,8808800
100,248,own sorting network,35798459600
100,248,openmp sorting network,26389100
100,248,sequential sorting network,26245700
100,248,std::sort,10667000
10,256,own sorting network,694501500
10,256,openmp sorting network,482800
10,256,sequential sorting network,472000
10,256,std::sort,191600
20,256,own sorting network,2148782600
20,256,openmp sorting network,1457700
20,256,sequential sorting network,1422100
20,256,std::sort,581900
30,256,own sorting network,4275976300
30,256,openmp sorting network,2874400
30,256,sequential sorting network,2849000
30,256,std::sort,1156300
40,256,own sorting network,7123489500
40,256,openmp sorting network,4891600
40,256,sequential sorting network,4863500
40,256,std::sort,1970400
50,256,own sorting network,10519976700
50,256,openmp sorting network,7341600
50,256,sequential sorting network,7340000
50,256,std::sort,2953200
60,256,own sorting network,14480644700
60,256,openmp sorting network,10276000
60,256,sequential sorting network,10223800
60,256,std::sort,4160600
70,256,own sorting network,18481695300
70,256,openmp sorting network,13760800
70,256,sequential sorting network,13766800
70,256,std::sort,5574600
80,256,own sorting network,23018366400
80,256,openmp sorting network,17814100
80,256,sequential sorting network,17732700
80,256,std::sort,7147200
90,256,own sorting network,28965114200
90,256,openmp sorting network,22226700
90,256,sequential sorting network,22271900
90,256,std::sort,8952600
100,256,own sorting network,35048767300
100,256,openmp sorting network,27559400
100,256,sequential sorting network,27609700
100,256,std::sort,11093600
10,8,own sorting network,5986700
10,8,openmp sorting network,4700
10,8,sequential sorting network,4600
10,8,std::sort,3400
20,8,own sorting network,17600600
20,8,openmp sorting network,14200
20,8,sequential sorting network,12600
20,8,std::sort,9700
30,8,own sorting network,34863100
30,8,openmp sorting network,26400
30,8,sequential sorting network,24800
30,8,std::sort,17900
40,8,own sorting network,58142800
40,8,openmp sorting network,42300
40,8,sequential sorting network,40100
40,8,std::sort,29800
50,8,own sorting network,87737500
50,8,openmp sorting network,61700
50,8,sequential sorting network,58800
50,8,std::sort,43900
60,8,own sorting network,122468600
60,8,openmp sorting network,91400
60,8,sequential sorting network,80700
60,8,std::sort,60200
70,8,own sorting network,162845800
70,8,openmp sorting network,116600
70,8,sequential sorting network,106700
70,8,std::sort,78600
80,8,own sorting network,208847200
80,8,openmp sorting network,145300
80,8,sequential sorting network,135700
80,8,std::sort,99000
90,8,own sorting network,260417000
90,8,openmp sorting network,179100
90,8,sequential sorting network,168300
90,8,std::sort,121300
100,8,own sorting network,322077500
100,8,openmp sorting network,216100
100,8,sequential sorting network,204600
100,8,std::sort,146900
10,16,own sorting network,19299300
10,16,openmp sorting network,13000
10,16,sequential sorting network,13200
10,16,std::sort,7400
20,16,own sorting network,58271800
20,16,openmp sorting network,36800
20,16,sequential sorting network,36900
20,16,std::sort,21200
30,16,own sorting network,115475300
30,16,openmp sorting network,70900
30,16,sequential sorting network,71100
30,16,std::sort,40500
40,16,own sorting network,192595200
40,16,openmp sorting network,124300
40,16,sequential sorting network,117500
40,16,std::sort,66000
50,16,own sorting network,290729600
50,16,openmp sorting network,181900
50,16,sequential sorting network,174500
50,16,std::sort,98100
60,16,own sorting network,406914500
60,16,openmp sorting network,247200
60,16,sequential sorting network,241500
60,16,std::sort,136600
70,16,own sorting network,538436800
70,16,openmp sorting network,321500
70,16,sequential sorting network,316100
70,16,std::sort,185700
80,16,own sorting network,685129900
80,16,openmp sorting network,405300
80,16,sequential sorting network,400000
80,16,std::sort,232900
90,16,own sorting network,850545500
90,16,openmp sorting network,499000
90,16,sequential sorting network,495100
90,16,std::sort,287300
100,16,own sorting network,1030281100
100,16,openmp sorting network,600100
100,16,sequential sorting network,597000
100,16,std::sort,344900
10,24,own sorting network,42239400
10,24,openmp sorting network,24900
10,24,sequential sorting network,21800
10,24,std::sort,13300
20,24,own sorting network,122685500
20,24,openmp sorting network,68300
20,24,sequential sorting network,87900
20,24,std::sort,37700
30,24,own sorting network,243599100
30,24,openmp sorting network,131800
30,24,sequential sorting network,149900
30,24,std::sort,73800
40,24,own sorting network,405171700
40,24,openmp sorting network,215700
40,24,sequential sorting network,239500
40,24,std::sort,122400
50,24,own sorting network,600309200
50,24,openmp sorting network,317300
50,24,sequential sorting network,432400
50,24,std::sort,181300
60,24,own sorting network,839881300
60,24,openmp sorting network,438500
60,24,sequential sorting network,552100
60,24,std::sort,252800
70,24,own sorting network,1115459900
70,24,openmp sorting network,580200
70,24,sequential sorting network,692800
70,24,std::sort,336200
80,24,own sorting network,1439609000
80,24,openmp sorting network,743300
80,24,sequential sorting network,855500
80,24,std::sort,431600
90,24,own sorting network,1797799000
90,24,openmp sorting network,923100
90,24,sequential sorting network,1041000
90,24,std::sort,534400
100,24,own sorting network,2195674000
100,24,openmp sorting network,1126900
100,24,sequential sorting network,1266600
100,24,std::sort,651200
10,32,own sorting network,52799100
10,32,openmp sorting network,39100
10,32,sequential sorting network,32300
10,32,std::sort,18300
20,32,own sorting network,156813200
20,32,openmp sorting network,98700
20,32,sequential sorting network,92100
20,32,std::sort,60200
30,32,own sorting network,316478100
30,32,openmp sorting network,197500
30,32,sequential sorting network,191400
30,32,std::sort,110000
40,32,own sorting network,521030200
40,32,openmp sorting network,314500
40,32,sequential sorting network,309800
40,32,std::sort,178300
50,32,own sorting network,779471600
50,32,openmp sorting network,459400
50,32,sequential sorting network,456100
50,32,std::sort,263900
60,32,own sorting network,1097921300
60,32,openmp sorting network,633900
60,32,sequential sorting network,638000
60,32,std::sort,366300
70,32,own sorting network,1458528000
70,32,openmp sorting network,846500
70,32,sequential sorting network,836800
70,32,std::sort,489700
80,32,own sorting network,1872509600
80,32,openmp sorting network,1070200
80,32,sequential sorting network,1070900
80,32,std::sort,620700
90,32,own sorting network,2342190400
90,32,openmp sorting network,1338500
90,32,sequential sorting network,1334500
90,32,std::sort,773000
100,32,own sorting network,2860323800
100,32,openmp sorting network,1631000
100,32,sequential sorting network,1625400
100,32,std::sort,942900
10,40,own sorting network,89637000
10,40,openmp sorting network,48800
10,40,sequential sorting network,48000
10,40,std::sort,23800
20,40,own sorting network,265646200
20,40,openmp sorting network,138400
20,40,sequential sorting network,138200
20,40,std::sort,69300
30,40,own sorting network,535577400
30,40,openmp sorting network,273400
30,40,sequential sorting network,270400
30,40,std::sort,135400
40,40,own sorting network,889304900
40,40,openmp sorting network,450500
40,40,sequential sorting network,464200
40,40,std::sort,223200
50,40,own sorting network,1332393300
50,40,openmp sorting network,673900
50,40,sequential sorting network,683500
50,40,std::sort,332900
60,40,own sorting network,1863356000
60,40,openmp sorting network,935100
60,40,sequential sorting network,948600
60,40,std::sort,462700
70,40,own sorting network,2480914600
70,40,openmp sorting network,1253200
70,40,sequential sorting network,1266200
70,40,std::sort,619200
80,40,own sorting network,3180658900
80,40,openmp sorting network,1608600
80,40,sequential sorting network,1616700
80,40,std::sort,800400
90,40,own sorting network,3968082200
90,40,openmp sorting network,2025500
90,40,sequential sorting network,2017000
90,40,std::sort,1050600
100,40,own sorting network,4838369900
100,40,openmp sorting network,2463700
100,40,sequential sorting network,2451100
100,40,std::sort,1267500
10,48,own sorting network,104932700
10,48,openmp sorting network,58900
10,48,sequential sorting network,58100
10,48,std::sort,29400
20,48,own sorting network,317589000
20,48,openmp sorting network,173800
20,48,sequential sorting network,181300
20,48,std::sort,88000
30,48,own sorting network,634467600
30,48,openmp sorting network,343000
30,48,sequential sorting network,351600
30,48,std::sort,181800
40,48,own sorting network,1050091200
40,48,openmp sorting network,560800
40,48,sequential sorting network,569900
40,48,std::sort,292200
50,48,own sorting network,1574514800
50,48,openmp sorting network,831300
50,48,sequential sorting network,861000
50,48,std::sort,429000
60,48,own sorting network,2204203600
60,48,openmp sorting network,1162700
60,48,sequential sorting network,1199700
60,48,std::sort,598400
70,48,own sorting network,2938270200
70,48,openmp sorting network,1539100
70,48,sequential sorting network,1585100
70,48,std::sort,791300
80,48,own sorting network,3783122400
80,48,openmp sorting network,1983800
80,48,sequential sorting network,2018000
80,48,std::sort,1008600
90,48,own sorting network,4720700700
90,48,openmp sorting network,2463700
90,48,sequential sorting network,2509200
90,48,std::sort,1253200
100,48,own sorting network,5764902700
100,48,openmp sorting network,2994500
100,48,sequential sorting network,3045100
100,48,std::sort,1524200
10,56,own sorting network,117561800
10,56,openmp sorting network,77000
10,56,sequential sorting network,67900
10,56,std::sort,33500
20,56,own sorting network,349675400
20,56,openmp sorting network,213800
20,56,sequential sorting network,204700
20,56,std::sort,102900
30,56,own sorting network,713519200
30,56,openmp sorting network,423900
30,56,sequential sorting network,421800
30,56,std::sort,209300
40,56,own sorting network,1192423500
40,56,openmp sorting network,686700
40,56,sequential sorting network,690400
40,56,std::sort,342200
50,56,own sorting network,1785363400
50,56,openmp sorting network,1034200
50,56,sequential sorting network,1058000
50,56,std::sort,506400
60,56,own sorting network,2490911000
60,56,openmp sorting network,1461100
60,56,sequential sorting network,1459600
60,56,std::sort,708800
70,56,own sorting network,3315934300
70,56,openmp sorting network,1913000
70,56,sequential sorting network,1951500
70,56,std::sort,938400
80,56,own sorting network,4293532900
80,56,openmp sorting network,2432600
80,56,sequential sorting network,2474400
80,56,std::sort,1231400
90,56,own sorting network,5409090500
90,56,openmp sorting network,3028400
90,56,sequential sorting network,3089500
90,56,std::sort,1542400
100,56,own sorting network,6630363000
100,56,openmp sorting network,3705000
100,56,sequential sorting network,3745000
100,56,std::sort,1923000
10,64,own sorting network,137891600
10,64,openmp sorting network,82100
10,64,sequential sorting network,81400
10,64,std::sort,39600
20,64,own sorting network,417743600
20,64,openmp sorting network,240800
20,64,sequential sorting network,238500
20,64,std::sort,117400
30,64,own sorting network,841399900
30,64,openmp sorting network,482800
30,64,sequential sorting network,481400
30,64,std::sort,235600
40,64,own sorting network,1411484400
40,64,openmp sorting network,800100
40,64,sequential sorting network,788000
40,64,std::sort,391100
50,64,own sorting network,2115422200
50,64,openmp sorting network,1201800
50,64,sequential sorting network,1195500
50,64,std::sort,592000
60,64,own sorting network,2959719500
60,64,openmp sorting network,1687500
60,64,sequential sorting network,1670500
60,64,std::sort,827200
70,64,own sorting network,3943036900
70,64,openmp sorting network,2246700
70,64,sequential sorting network,2216400
70,64,std::sort,1111300
80,64,own sorting network,5071085000
80,64,openmp sorting network,2856800
80,64,sequential sorting network,2837500
80,64,std::sort,1420800
90,64,own sorting network,6344933300
90,64,openmp sorting network,3543100
90,64,sequential sorting network,3535500
90,64,std::sort,1779000
100,64,own sorting network,7668615700
100,64,openmp sorting network,4347800
100,64,sequential sorting network,4340600
100,64,std::sort,2164700
10,72,own sorting network,201165300
10,72,openmp sorting network,108000
10,72,sequential sorting network,105100
10,72,std::sort,46300
20,72,own sorting network,587022900
20,72,openmp sorting network,313100
20,72,sequential sorting network,316400
20,72,std::sort,137200
30,72,own sorting network,1167503400
30,72,openmp sorting network,624900
30,72,sequential sorting network,625100
30,72,std::sort,282000
40,72,own sorting network,1932464000
40,72,openmp sorting network,1034000
40,72,sequential sorting network,1077500
40,72,std::sort,462100
50,72,own sorting network,2885996100
50,72,openmp sorting network,1547800
50,72,sequential sorting network,1598800
50,72,std::sort,685100
60,72,own sorting network,4021867500
60,72,openmp sorting network,2188900
60,72,sequential sorting network,2285300
60,72,std::sort,963600
70,72,own sorting network,5335470900
70,72,openmp sorting network,2964600
70,72,sequential sorting network,3039700
70,72,std::sort,1296900
80,72,own sorting network,6863510800
80,72,openmp sorting network,3782900
80,72,sequential sorting network,3899500
80,72,std::sort,1651200
90,72,own sorting network,8565824100
90,72,openmp sorting network,4695700
90,72,sequential sorting network,4810500
90,72,std::sort,2050000
100,72,own sorting network,10415682600
100,72,openmp sorting network,5707100
100,72,sequential sorting network,5823900
100,72,std::sort,2498300
10,80,own sorting network,208428200
10,80,openmp sorting network,119600
10,80,sequential sorting network,117100
10,80,std::sort,51200
20,80,own sorting network,622955000
20,80,openmp sorting network,359700
20,80,sequential sorting network,362200
20,80,std::sort,155600
30,80,own sorting network,1257258000
30,80,openmp sorting network,724000
30,80,sequential sorting network,713900
30,80,std::sort,311400
40,80,own sorting network,2102229500
40,80,openmp sorting network,1188900
40,80,sequential sorting network,1170600
40,80,std::sort,512500
50,80,own sorting network,3129982500
50,80,openmp sorting network,1760000
50,80,sequential sorting network,1766500
50,80,std::sort,766400
60,80,own sorting network,4360515100
60,80,openmp sorting network,2421700
60,80,sequential sorting network,2436300
60,80,std::sort,1088300
70,80,own sorting network,5760127500
70,80,openmp sorting network,3219900
70,80,sequential sorting network,3233400
70,80,std::sort,1444900
80,80,own sorting network,7420702000
80,80,openmp sorting network,4167200
80,80,sequential sorting network,4146500
80,80,std::sort,1847400
90,80,own sorting network,9244113400
90,80,openmp sorting network,5214800
90,80,sequential sorting network,5192600
90,80,std::sort,2288600
100,80,own sorting network,11277423900
100,80,openmp sorting network,6358500
100,80,sequential sorting network,6332400
100,80,std::sort,2790100
10,88,own sorting network,229856200
10,88,openmp sorting network,132600
10,88,sequential sorting network,129000
10,88,std::sort,58000
20,88,own sorting network,690994600
20,88,openmp sorting network,390700
20,88,sequential sorting network,394300
20,88,std::sort,172400
30,88,own sorting network,1370626900
30,88,openmp sorting network,774200
30,88,sequential sorting network,775900
30,88,std::sort,343000
40,88,own sorting network,2299706600
40,88,openmp sorting network,1295800
40,88,sequential sorting network,1282600
40,88,std::sort,569300
50,88,own sorting network,3452323800
50,88,openmp sorting network,1931400
50,88,sequential sorting network,1918200
50,88,std::sort,857600
60,88,own sorting network,4803115300
60,88,openmp sorting network,2721500
60,88,sequential sorting network,2701700
60,88,std::sort,1203200
70,88,own sorting network,6413016300
70,88,openmp sorting network,3591300
70,88,sequential sorting network,3576500
70,88,std::sort,1588300
80,88,own sorting network,8200073000
80,88,openmp sorting network,4581500
80,88,sequential sorting network,4566500
80,88,std::sort,2026600
90,88,own sorting network,10219576100
90,88,openmp sorting network,5743800
90,88,sequential sorting network,5704200
90,88,std::sort,2542200
100,88,own sorting network,12814129600
100,88,openmp sorting network,7157400
100,88,sequential sorting network,7140400
100,88,std::sort,3177800
10,96,own sorting network,248514300
10,96,openmp sorting network,149800
10,96,sequential sorting network,154900
10,96,std::sort,65900
20,96,own sorting network,742220600
20,96,openmp sorting network,431500
20,96,sequential sorting network,441900
20,96,std::sort,193400
30,96,own sorting network,1484896400
30,96,openmp sorting network,844100
30,96,sequential sorting network,859000
30,96,std::sort,379000
40,96,own sorting network,2486695200
40,96,openmp sorting network,1406000
40,96,sequential sorting network,1419100
40,96,std::sort,629500
50,96,own sorting network,3730911400
50,96,openmp sorting network,2131400
50,96,sequential sorting network,2138600
50,96,std::sort,952100
60,96,own sorting network,5258905700
60,96,openmp sorting network,2972900
60,96,sequential sorting network,2986500
60,96,std::sort,1328300
70,96,own sorting network,7043691600
70,96,openmp sorting network,3993500
70,96,sequential sorting network,3983500
70,96,std::sort,1784700
80,96,own sorting network,9121240800
80,96,openmp sorting network,5197300
80,96,sequential sorting network,5137100
80,96,std::sort,2297400
90,96,own sorting network,11451057600
90,96,openmp sorting network,6490200
90,96,sequential sorting network,6423500
90,96,std::sort,2877800
100,96,own sorting network,14070130700
100,96,openmp sorting network,7941900
100,96,sequential sorting network,7853300
100,96,std::sort,3529100
10,104,own sorting network,292400900
10,104,openmp sorting network,159400
10,104,sequential sorting network,157900
10,104,std::sort,70200
20,104,own sorting network,865433600
20,104,openmp sorting network,480300
20,104,sequential sorting network,488400
20,104,std::sort,213300
30,104,own sorting network,1726521400
30,104,openmp sorting network,949400
30,104,sequential sorting network,959200
30,104,std::sort,420600
40,104,own sorting network,2869316400
40,104,openmp sorting network,1586100
40,104,sequential sorting network,1604100
40,104,std::sort,704300
50,104,own sorting network,4295138800
50,104,openmp sorting network,2381600
50,104,sequential sorting network,2400300
50,104,std::sort,1063300
60,104,own sorting network,6051067400
60,104,openmp sorting network,3329600
60,104,sequential sorting network,3351000
60,104,std::sort,1496100
70,104,own sorting network,8039562300
70,104,openmp sorting network,4430800
70,104,sequential sorting network,4477900
70,104,std::sort,1995800
80,104,own sorting network,10204415500
80,104,openmp sorting network,5697700
80,104,sequential sorting network,5710100
80,104,std::sort,2544100
90,104,own sorting network,12640482600
90,104,openmp sorting network,7186100
90,104,sequential sorting network,7134100
90,104,std::sort,3188200
100,104,own sorting network,15403574000
100,104,openmp sorting network,8905300
100,104,sequential sorting network,8904600
100,104,std::sort,3999400
10,112,own sorting network,319214700
10,112,openmp sorting network,178300
10,112,sequential sorting network,176800
10,112,std::sort,78700
20,112,own sorting network,935360700
20,112,openmp sorting network,529800
20,112,sequential sorting network,518800
20,112,std::sort,236300
30,112,own sorting network,1869573500
30,112,openmp sorting network,1087900
30,112,sequential sorting network,1020200
30,112,std::sort,462900
40,112,own sorting network,3092732100
40,112,openmp sorting network,1746800
40,112,sequential sorting network,1738000
40,112,std::sort,772800
50,112,own sorting network,4486612900
50,112,openmp sorting network,2610600
50,112,sequential sorting network,2610300
50,112,std::sort,1158600
60,112,own sorting network,6222634300
60,112,openmp sorting network,3613300
60,112,sequential sorting network,3612000
60,112,std::sort,1617900
70,112,own sorting network,8252755000
70,112,openmp sorting network,4816700
70,112,sequential sorting network,4827400
70,112,std::sort,2162100
80,112,own sorting network,10589033500
80,112,openmp sorting network,6203000
80,112,sequential sorting network,6213300
80,112,std::sort,2783800
90,112,own sorting network,13295449600
90,112,openmp sorting network,7695200
90,112,sequential sorting network,7739700
90,112,std::sort,3470100
100,112,own sorting network,16258009100
100,112,openmp sorting network,9367100
100,112,sequential sorting network,9413800
100,112,std::sort,4225000
10,120,own sorting network,314855300
10,120,openmp sorting network,188900
10,120,sequential sorting network,207000
10,120,std::sort,92100
20,120,own sorting network,940420000
20,120,openmp sorting network,554800
20,120,sequential sorting network,581100
20,120,std::sort,255300
30,120,own sorting network,1886249200
30,120,openmp sorting network,1090900
30,120,sequential sorting network,1108200
30,120,std::sort,494700
40,120,own sorting network,3147281400
40,120,openmp sorting network,1813500
40,120,sequential sorting network,1830800
40,120,std::sort,829900
50,120,own sorting network,4725308800
50,120,openmp sorting network,2720700
50,120,sequential sorting network,2736300
50,120,std::sort,1234400
60,120,own sorting network,6535970700
60,120,openmp sorting network,3854400
60,120,sequential sorting network,3842700
60,120,std::sort,1732500
70,120,own sorting network,8757040100
70,120,openmp sorting network,5096900
70,120,sequential sorting network,5078300
70,120,std::sort,2296100
80,120,own sorting network,11236840700
80,120,openmp sorting network,6522400
80,120,sequential sorting network,6489400
80,120,std::sort,2939100
90,120,own sorting network,13863916400
90,120,openmp sorting network,8148000
90,120,sequential sorting network,8115500
90,120,std::sort,3792600
100,120,own sorting network,17026623700
100,120,openmp sorting network,9892800
100,120,sequential sorting network,9982800
100,120,std::sort,4584100
10,128,own sorting network,335261200
10,128,openmp sorting network,199700
10,128,sequential sorting network,199600
10,128,std::sort,88700
20,128,own sorting network,1021475400
20,128,openmp sorting network,592800
20,128,sequential sorting network,584100
20,128,std::sort,268000
30,128,own sorting network,2060990500
30,128,openmp sorting network,1190600
30,128,sequential sorting network,1171500
30,128,std::sort,538500
40,128,own sorting network,3442095300
40,128,openmp sorting network,1982500
40,128,sequential sorting network,1962900
40,128,std::sort,889000
50,128,own sorting network,5134796700
50,128,openmp sorting network,2964100
50,128,sequential sorting network,2949100
50,128,std::sort,1327300
60,128,own sorting network,7170014100
60,128,openmp sorting network,4143300
60,128,sequential sorting network,4152000
60,128,std::sort,1861700
70,128,own sorting network,9539281900
70,128,openmp sorting network,5541500
70,128,sequential sorting network,5544100
70,128,std::sort,2482600
80,128,own sorting network,12259865600
80,128,openmp sorting network,7267700
80,128,sequential sorting network,7179600
80,128,std::sort,3211500
90,128,own sorting network,15350622600
90,128,openmp sorting network,9079700
90,128,sequential sorting network,9010000
90,128,std::sort,4020200
100,128,own sorting network,18767572600
100,128,openmp sorting network,11153600
100,128,sequential sorting network,11028300
100,128,std::sort,4929600
10,136,own sorting network,435265600
10,136,openmp sorting network,256900
10,136,sequential sorting network,257100
10,136,std::sort,102400
20,136,own sorting network,1333284900
20,136,openmp sorting network,739900
20,136,sequential sorting network,828600
20,136,std::sort,292900
30,136,own sorting network,2702106500
30,136,openmp sorting network,1467200
30,136,sequential sorting network,1552900
30,136,std::sort,576700
40,136,own sorting network,4569250500
40,136,openmp sorting network,2463100
40,136,sequential sorting network,2583200
40,136,std::sort,959600
50,136,own sorting network,6811615000
50,136,openmp sorting network,3688800
50,136,sequential sorting network,3813600
50,136,std::sort,1432800
60,136,own sorting network,9542088000
60,136,openmp sorting network,5122500
60,136,sequential sorting network,5285500
60,136,std::sort,2000600
70,136,own sorting network,12560477700
70,136,openmp sorting network,6884900
70,136,sequential sorting network,7010600
70,136,std::sort,2697300
80,136,own sorting network,16175324900
80,136,openmp sorting network,9191400
80,136,sequential sorting network,9000400
80,136,std::sort,3498400
90,136,own sorting network,20236970700
90,136,openmp sorting network,11431100
90,136,sequential sorting network,11411200
90,136,std::sort,4376400
100,136,own sorting network,24613000200
100,136,openmp sorting network,13946500
100,136,sequential sorting network,13880700
100,136,std::sort,5371400
10,144,own sorting network,476381900
10,144,openmp sorting network,266300
10,144,sequential sorting network,263200
10,144,std::sort,106100
20,144,own sorting network,1418652500
20,144,openmp sorting network,815500
20,144,sequential sorting network,820900
20,144,std::sort,329000
30,144,own sorting network,2800889900
30,144,openmp sorting network,1604900
30,144,sequential sorting network,1594200
30,144,std::sort,633500
40,144,own sorting network,4695627100
40,144,openmp sorting network,2627600
40,144,sequential sorting network,2705600
40,144,std::sort,1038600
50,144,own sorting network,6877966200
50,144,openmp sorting network,3906100
50,144,sequential sorting network,3992100
50,144,std::sort,1549300
60,144,own sorting network,9311986900
60,144,openmp sorting network,5433300
60,144,sequential sorting network,5522800
60,144,std::sort,2160000
70,144,own sorting network,12262759700
70,144,openmp sorting network,7231700
70,144,sequential sorting network,7331300
70,144,std::sort,2864700
80,144,own sorting network,15615815400
80,144,openmp sorting network,9348000
80,144,sequential sorting network,9509800
80,144,std::sort,3697500
90,144,own sorting network,19618547600
90,144,openmp sorting network,11706800
90,144,sequential sorting network,11905300
90,144,std::sort,4630700
100,144,own sorting network,24251748000
100,144,openmp sorting network,14271000
100,144,sequential sorting network,14508300
100,144,std::sort,5652200
10,152,own sorting network,470499100
10,152,openmp sorting network,276400
10,152,sequential sorting network,271600
10,152,std::sort,108400
20,152,own sorting network,1444681600
20,152,openmp sorting network,846700
20,152,sequential sorting network,836500
20,152,std::sort,332400
30,152,own sorting network,2974108800
30,152,openmp sorting network,1669900
30,152,sequential sorting network,1683600
30,152,std::sort,654700
40,152,own sorting network,4971814400
40,152,openmp sorting network,2928700
40,152,sequential sorting network,2774700
40,152,std::sort,1091200
50,152,own sorting network,7425152300
50,152,openmp sorting network,4278200
50,152,sequential sorting network,4141100
50,152,std::sort,1626800
60,152,own sorting network,10422566700
60,152,openmp sorting network,5906200
60,152,sequential sorting network,5790800
60,152,std::sort,2277500
70,152,own sorting network,13917378200
70,152,openmp sorting network,7784300
70,152,sequential sorting network,7679200
70,152,std::sort,3019800
80,152,own sorting network,17735832700
80,152,openmp sorting network,9924900
80,152,sequential sorting network,9796100
80,152,std::sort,3863300
90,152,own sorting network,21857407300
90,152,openmp sorting network,12379400
90,152,sequential sorting network,12337100
90,152,std::sort,4833400
100,152,own sorting network,26137479500
100,152,openmp sorting network,15218700
100,152,sequential sorting network,15164100
100,152,std::sort,5944300
10,160,own sorting network,449425800
10,160,openmp sorting network,288300
10,160,sequential sorting network,292800
10,160,std::sort,118200
20,160,own sorting network,1282546200
20,160,openmp sorting network,865400
20,160,sequential sorting network,880000
20,160,std::sort,348000
30,160,own sorting network,2636827700
30,160,openmp sorting network,1729300
30,160,sequential sorting network,1739900
30,160,std::sort,690100
40,160,own sorting network,4711223200
40,160,openmp sorting network,2893500
40,160,sequential sorting network,2889900
40,160,std::sort,1145500
50,160,own sorting network,7028103300
50,160,openmp sorting network,4393200
50,160,sequential sorting network,4430600
50,160,std::sort,1761200
60,160,own sorting network,9539081700
60,160,openmp sorting network,6101500
60,160,sequential sorting network,6141000
60,160,std::sort,2464500
70,160,own sorting network,12447619300
70,160,openmp sorting network,8118100
70,160,sequential sorting network,8133000
70,160,std::sort,3289900
80,160,own sorting network,15883076100
80,160,openmp sorting network,10446300
80,160,sequential sorting network,10532500
80,160,std::sort,4228800
90,160,own sorting network,20354798300
90,160,openmp sorting network,13110100
90,160,sequential sorting network,13309400
90,160,std::sort,5282000
100,160,own sorting network,25440954000
100,160,openmp sorting network,16119400
100,160,sequential sorting network,16248600
100,160,std::sort,6456000
10,168,own sorting network,528779200
10,168,openmp sorting network,301400
10,168,sequential sorting network,309000
10,168,std::sort,119200
20,168,own sorting network,1612607700
20,168,openmp sorting network,961100
20,168,sequential sorting network,990500
20,168,std::sort,361600
30,168,own sorting network,3228214800
30,168,openmp sorting network,1877000
30,168,sequential sorting network,1898200
30,168,std::sort,725300
40,168,own sorting network,5308758800
40,168,openmp sorting network,3091000
40,168,sequential sorting network,3106800
40,168,std::sort,1209900
50,168,own sorting network,7598636200
50,168,openmp sorting network,4618200
50,168,sequential sorting network,4638700
50,168,std::sort,1822300
60,168,own sorting network,10264290300
60,168,openmp sorting network,6503700
60,168,sequential sorting network,6522600
60,168,std::sort,2577800
70,168,own sorting network,13960039500
70,168,openmp sorting network,8632700
70,168,sequential sorting network,8653200
70,168,std::sort,3428600
80,168,own sorting network,18184816300
80,168,openmp sorting network,11215400
80,168,sequential sorting network,11197500
80,168,std::sort,4505900
90,168,own sorting network,22803690600
90,168,openmp sorting network,13930600
90,168,sequential sorting network,13930100
90,168,std::sort,5591000
100,168,own sorting network,27652756800
100,168,openmp sorting network,16934400
100,168,sequential sorting network,16978200
100,168,std::sort,6800500
10,176,own sorting network,432661800
10,176,openmp sorting network,357100
10,176,sequential sorting network,364400
10,176,std::sort,144000
20,176,own sorting network,1464187900
20,176,openmp sorting network,1042900
20,176,sequential sorting network,1011000
20,176,std::sort,412800
30,176,own sorting network,2914186500
30,176,openmp sorting network,2015500
30,176,sequential sorting network,1970300
30,176,std::sort,794900
40,176,own sorting network,4877431700
40,176,openmp sorting network,3272300
40,176,sequential sorting network,3242800
40,176,std::sort,1311500
50,176,own sorting network,7287853500
50,176,openmp sorting network,4861500
50,176,sequential sorting network,4826600
50,176,std::sort,1948700
60,176,own sorting network,10047503000
60,176,openmp sorting network,6979700
60,176,sequential sorting network,6975200
60,176,std::sort,2802800
70,176,own sorting network,13268561400
70,176,openmp sorting network,9218500
70,176,sequential sorting network,9184500
70,176,std::sort,3684200
80,176,own sorting network,17101512300
80,176,openmp sorting network,11851300
80,176,sequential sorting network,11798700
80,176,std::sort,4739800
90,176,own sorting network,22016826000
90,176,openmp sorting network,14781400
90,176,sequential sorting network,14735700
90,176,std::sort,5891100
100,176,own sorting network,27422317400
100,176,openmp sorting network,17981800
100,176,sequential sorting network,17923100
100,176,std::sort,7168200
10,184,own sorting network,580357700
10,184,openmp sorting network,376600
10,184,sequential sorting network,357100
10,184,std::sort,143500
20,184,own sorting network,1734867400
20,184,openmp sorting network,1056300
20,184,sequential sorting network,1020800
20,184,std::sort,421100
30,184,own sorting network,3510532100
30,184,openmp sorting network,2066000
30,184,sequential sorting network,2028000
30,184,std::sort,832000
40,184,own sorting network,5813423200
40,184,openmp sorting network,3424700
40,184,sequential sorting network,3370700
40,184,std::sort,1376800
50,184,own sorting network,8672293400
50,184,openmp sorting network,5124300
50,184,sequential sorting network,5044100
50,184,std::sort,2044700
60,184,own sorting network,12134660900
60,184,openmp sorting network,7141600
60,184,sequential sorting network,7122500
60,184,std::sort,2867000
70,184,own sorting network,15954878200
70,184,openmp sorting network,9502600
70,184,sequential sorting network,9487400
70,184,std::sort,3823400
80,184,own sorting network,20472922400
80,184,openmp sorting network,12346800
80,184,sequential sorting network,12278600
80,184,std::sort,4935000
90,184,own sorting network,25538746300
90,184,openmp sorting network,15427500
90,184,sequential sorting network,15383500
90,184,std::sort,6177400
100,184,own sorting network,31252102000
100,184,openmp sorting network,18680800
100,184,sequential sorting network,18651500
100,184,std::sort,7515400
10,192,own sorting network,576701600
10,192,openmp sorting network,346300
10,192,sequential sorting network,351300
10,192,std::sort,137600
20,192,own sorting network,1695183200
20,192,openmp sorting network,1116300
20,192,sequential sorting network,1158000
20,192,std::sort,442900
30,192,own sorting network,3250336600
30,192,openmp sorting network,2168700
30,192,sequential sorting network,2227400
30,192,std::sort,868000
40,192,own sorting network,5622928200
40,192,openmp sorting network,3581200
40,192,sequential sorting network,3671100
40,192,std::sort,1438200
50,192,own sorting network,8572938700
50,192,openmp sorting network,5402200
50,192,sequential sorting network,5462200
50,192,std::sort,2248500
60,192,own sorting network,12025560800
60,192,openmp sorting network,7550000
60,192,sequential sorting network,7626500
60,192,std::sort,3134000
70,192,own sorting network,16136772700
70,192,openmp sorting network,10030100
70,192,sequential sorting network,10100600
70,192,std::sort,4123600
80,192,own sorting network,20824740400
80,192,openmp sorting network,12814500
80,192,sequential sorting network,12987900
80,192,std::sort,5258400
90,192,own sorting network,26173576800
90,192,openmp sorting network,15979500
90,192,sequential sorting network,16132500
90,192,std::sort,6530400
100,192,own sorting network,32116493500
100,192,openmp sorting network,19504200
100,192,sequential sorting network,19659800
100,192,std::sort,7947600
10,200,own sorting network,596781300
10,200,openmp sorting network,391400
10,200,sequential sorting network,377800
10,200,std::sort,152400
20,200,own sorting network,1814791000
20,200,openmp sorting network,1189300
20,200,sequential sorting network,1144200
20,200,std::sort,457000
30,200,own sorting network,3684154300
30,200,openmp sorting network,2317900
30,200,sequential sorting network,2250500
30,200,std::sort,901200
40,200,own sorting network,6196346200
40,200,openmp sorting network,3802300
40,200,sequential sorting network,3760000
40,200,std::sort,1499800
50,200,own sorting network,9128241500
50,200,openmp sorting network,5643200
50,200,sequential sorting network,5598900
50,200,std::sort,2245900
60,200,own sorting network,12651952500
60,200,openmp sorting network,7904200
60,200,sequential sorting network,7845600
60,200,std::sort,3138100
70,200,own sorting network,16834188800
70,200,openmp sorting network,10603400
70,200,sequential sorting network,10565600
70,200,std::sort,4220800
80,200,own sorting network,21647114000
80,200,openmp sorting network,13676500
80,200,sequential sorting network,13609500
80,200,std::sort,5431900
90,200,own sorting network,26981652800
90,200,openmp sorting network,16988700
90,200,sequential sorting network,16949700
90,200,std::sort,6779600
100,200,own sorting network,32573060900
100,200,openmp sorting network,22653000
100,200,sequential sorting network,21502900
100,200,std::sort,8687100
10,208,own sorting network,423775200
10,208,openmp sorting network,455400
10,208,sequential sorting network,505800
10,208,std::sort,184700
20,208,own sorting network,1407626100
20,208,openmp sorting network,1329300
20,208,sequential sorting network,1371400
20,208,std::sort,527300
30,208,own sorting network,2795045600
30,208,openmp sorting network,2663000
30,208,sequential sorting network,2659700
30,208,std::sort,1053400
40,208,own sorting network,4973981600
40,208,openmp sorting network,4202700
40,208,sequential sorting network,4193400
40,208,std::sort,1694600
50,208,own sorting network,7486850300
50,208,openmp sorting network,6188400
50,208,sequential sorting network,6174200
50,208,std::sort,2497400
60,208,own sorting network,10592250100
60,208,openmp sorting network,8635300
60,208,sequential sorting network,8611400
60,208,std::sort,3499600
70,208,own sorting network,14247028300
70,208,openmp sorting network,11327700
70,208,sequential sorting network,11337600
70,208,std::sort,4590200
80,208,own sorting network,18509988800
80,208,openmp sorting network,14459900
80,208,sequential sorting network,14466300
80,208,std::sort,5830700
90,208,own sorting network,23254340900
90,208,openmp sorting network,17854400
90,208,sequential sorting network,17837300
90,208,std::sort,7203400
100,208,own sorting network,28455316700
100,208,openmp sorting network,21593900
100,208,sequential sorting network,21584900
100,208,std::sort,8727300
10,216,own sorting network,534988600
10,216,openmp sorting network,406200
10,216,sequential sorting network,436100
10,216,std::sort,164600
20,216,own sorting network,1559347800
20,216,openmp sorting network,1228300
20,216,sequential sorting network,1222700
20,216,std::sort,499200
30,216,own sorting network,3246816000
30,216,openmp sorting network,2477300
30,216,sequential sorting network,2474300
30,216,std::sort,981700
40,216,own sorting network,5938171500
40,216,openmp sorting network,4046800
40,216,sequential sorting network,4035200
40,216,std::sort,1659000
50,216,own sorting network,9284234400
50,216,openmp sorting network,6058500
50,216,sequential sorting network,6038000
50,216,std::sort,2501200
60,216,own sorting network,13314232000
60,216,openmp sorting network,8515600
60,216,sequential sorting network,8483000
60,216,std::sort,3476600
70,216,own sorting network,17878261100
70,216,openmp sorting network,11491900
70,216,sequential sorting network,11334600
70,216,std::sort,4606100
80,216,own sorting network,23065438200
80,216,openmp sorting network,14670900
80,216,sequential sorting network,14531400
80,216,std::sort,5919400
90,216,own sorting network,28237698200
90,216,openmp sorting network,18306700
90,216,sequential sorting network,18162100
90,216,std::sort,7401600
100,216,own sorting network,33410099400
100,216,openmp sorting network,22954000
100,216,sequential sorting network,23895900
100,216,std::sort,9212900
10,224,own sorting network,540880300
10,224,openmp sorting network,441300
10,224,sequential sorting network,492000
10,224,std::sort,178000
20,224,own sorting network,1686526700
20,224,openmp sorting network,1277100
20,224,sequential sorting network,1335300
20,224,std::sort,512500
30,224,own sorting network,3480365900
30,224,openmp sorting network,2527000
30,224,sequential sorting network,2596900
30,224,std::sort,1046600
40,224,own sorting network,5931922000
40,224,openmp sorting network,4152400
40,224,sequential sorting network,4211400
40,224,std::sort,1710600
50,224,own sorting network,8952916800
50,224,openmp sorting network,6271500
50,224,sequential sorting network,6491700
50,224,std::sort,2566500
60,224,own sorting network,13058207100
60,224,openmp sorting network,8834800
60,224,sequential sorting network,8994900
60,224,std::sort,3610800
70,224,own sorting network,17616810400
70,224,openmp sorting network,11826700
70,224,sequential sorting network,12029900
70,224,std::sort,4822500
80,224,own sorting network,22780243100
80,224,openmp sorting network,15317000
80,224,sequential sorting network,15525700
80,224,std::sort,6255700
90,224,own sorting network,28035347000
90,224,openmp sorting network,19227400
90,224,sequential sorting network,19652500
90,224,std::sort,7861400
100,224,own sorting network,34202769900
100,224,openmp sorting network,23512900
100,224,sequential sorting network,24019200
100,224,std::sort,9599300
10,232,own sorting network,639242100
10,232,openmp sorting network,462400
10,232,sequential sorting network,478100
10,232,std::sort,184700
20,232,own sorting network,1929526800
20,232,openmp sorting network,1335000
20,232,sequential sorting network,1346400
20,232,std::sort,546300
30,232,own sorting network,3994152000
30,232,openmp sorting network,2683500
30,232,sequential sorting network,2681900
30,232,std::sort,1077100
40,232,own sorting network,6656146600
40,232,openmp sorting network,8602600
40,232,sequential sorting network,5926000
40,232,std::sort,2208000
50,232,own sorting network,9327266100
50,232,openmp sorting network,11016300
50,232,sequential sorting network,8362900
50,232,std::sort,3202800
60,232,own sorting network,13045675600
60,232,openmp sorting network,13773600
60,232,sequential sorting network,11113200
60,232,std::sort,4318600
70,232,own sorting network,16508068400
70,232,openmp sorting network,17431800
70,232,sequential sorting network,14382600
70,232,std::sort,5659700
80,232,own sorting network,20606678600
80,232,openmp sorting network,21203600
80,232,sequential sorting network,18100900
80,232,std::sort,7172600
90,232,own sorting network,25666677700
90,232,openmp sorting network,25217000
90,232,sequential sorting network,22141200
90,232,std::sort,8789300
100,232,own sorting network,30722961500
100,232,openmp sorting network,29777900
100,232,sequential sorting network,26717700
100,232,std::sort,10686000
10,240,own sorting network,581314300
10,240,openmp sorting network,550500
10,240,sequential sorting network,519000
10,240,std::sort,184200
20,240,own sorting network,1663777700
20,240,openmp sorting network,1493600
20,240,sequential sorting network,1424100
20,240,std::sort,556200
30,240,own sorting network,3487269300
30,240,openmp sorting network,3086300
30,240,sequential sorting network,2876100
30,240,std::sort,1142300
40,240,own sorting network,6167711100
40,240,openmp sorting network,4889800
40,240,sequential sorting network,4880400
40,240,std::sort,1878000
50,240,own sorting network,9568686900
50,240,openmp sorting network,7127600
50,240,sequential sorting network,7140500
50,240,std::sort,2792300
60,240,own sorting network,13528598800
60,240,openmp sorting network,9849100
60,240,sequential sorting network,9856600
60,240,std::sort,3888800
70,240,own sorting network,18073871100
70,240,openmp sorting network,13107900
70,240,sequential sorting network,13101500
70,240,std::sort,5238200
80,240,own sorting network,22987602400
80,240,openmp sorting network,17047800
80,240,sequential sorting network,17054800
80,240,std::sort,6790300
90,240,own sorting network,28786591700
90,240,openmp sorting network,20996900
90,240,sequential sorting network,21001000
90,240,std::sort,8400800
100,240,own sorting network,35642246500
100,240,openmp sorting network,26035400
100,240,sequential sorting network,25612500
100,240,std::sort,10299100
10,248,own sorting network,632962700
10,248,openmp sorting network,519800
10,248,sequential sorting network,498400
10,248,std::sort,197200
20,248,own sorting network,1976350600
20,248,openmp sorting network,1460700
20,248,sequential sorting network,1424000
20,248,std::sort,572500
30,248,own sorting network,3872907000
30,248,openmp sorting network,2829700
30,248,sequential sorting network,2795600
30,248,std::sort,1124300
40,248,own sorting network,6357381900
40,248,openmp sorting network,4698700
40,248,sequential sorting network,4622400
40,248,std::sort,1866500
50,248,own sorting network,9229525800
50,248,openmp sorting network,7047200
50,248,sequential sorting network,6983700
50,248,std::sort,2815700
60,248,own sorting network,12673149700
60,248,openmp sorting network,10094400
60,248,sequential sorting network,10212900
60,248,std::sort,4148400
70,248,own sorting network,16577852200
70,248,openmp sorting network,13428800
70,248,sequential sorting network,13489800
70,248,std::sort,5472200
80,248,own sorting network,21312772000
80,248,openmp sorting network,17210500
80,248,sequential sorting network,17324900
80,248,std::sort,7019400
90,248,own sorting network,26836355200
90,248,openmp sorting network,21412600
90,248,sequential sorting network,21544700
90,248,std::sort,8736200
100,248,own sorting network,33034107500
100,248,openmp sorting network,26193700
100,248,sequential sorting network,26579200
100,248,std::sort,10631500
10,256,own sorting network,685568000
10,256,openmp sorting network,501200
10,256,sequential sorting network,505500
10,256,std::sort,202000
20,256,own sorting network,2198661400
20,256,openmp sorting network,1587500
20,256,sequential sorting network,1483000
20,256,std::sort,600600
30,256,own sorting network,4344486600
30,256,openmp sorting network,3230100
30,256,sequential sorting network,3054300
30,256,std::sort,1320600
40,256,own sorting network,7058520700
40,256,openmp sorting network,5306500
40,256,sequential sorting network,5074200
40,256,std::sort,2130400
50,256,own sorting network,10625373100
50,256,openmp sorting network,8020900
50,256,sequential sorting network,7797900
50,256,std::sort,3225000
60,256,own sorting network,14948570200
60,256,openmp sorting network,11242500
60,256,sequential sorting network,10810000
60,256,std::sort,4441300
70,256,own sorting network,20389560800
70,256,openmp sorting network,14649300
70,256,sequential sorting network,14218100
70,256,std::sort,5821500
80,256,own sorting network,25741698500
80,256,openmp sorting network,18645500
80,256,sequential sorting network,18188300
80,256,std::sort,7457100
90,256,own sorting network,31764361000
90,256,openmp sorting network,23175600
90,256,sequential sorting network,22667300
90,256,std::sort,9270400
100,256,own sorting network,38788830700
100,256,openmp sorting network,28235200
100,256,sequential sorting network,27664900
100,256,std::sort,11287400
10,8,own sorting network,5625700
10,8,openmp sorting network,4200
10,8,sequential sorting network,4300
10,8,std::sort,3100
20,8,own sorting network,16308100
20,8,openmp sorting network,11100
20,8,sequential sorting network,11900
20,8,std::sort,8400
30,8,own sorting network,33427600
30,8,openmp sorting network,22900
30,8,sequential sorting network,22600
30,8,std::sort,16300
40,8,own sorting network,55011600
40,8,openmp sorting network,36800
40,8,sequential sorting network,36800
40,8,std::sort,26300
50,8,own sorting network,82107000
50,8,openmp sorting network,55000
50,8,sequential sorting network,55100
50,8,std::sort,39900
60,8,own sorting network,114823400
60,8,openmp sorting network,81300
60,8,sequential sorting network,76200
60,8,std::sort,56100
70,8,own sorting network,152401500
70,8,openmp sorting network,105300
70,8,sequential sorting network,100100
70,8,std::sort,74000
80,8,own sorting network,195745000
80,8,openmp sorting network,133000
80,8,sequential sorting network,128200
80,8,std::sort,93900
90,8,own sorting network,245587300
90,8,openmp sorting network,164000
90,8,sequential sorting network,159400
90,8,std::sort,116600
100,8,own sorting network,300249400
100,8,openmp sorting network,197000
100,8,sequential sorting network,193000
100,8,std::sort,141500
10,16,own sorting network,17746000
10,16,openmp sorting network,12200
10,16,sequential sorting network,12000
10,16,std::sort,6400
20,16,own sorting network,53713400
20,16,openmp sorting network,34400
20,16,sequential sorting network,33900
20,16,std::sort,19300
30,16,own sorting network,107473300
30,16,openmp sorting network,67000
30,16,sequential sorting network,81200
30,16,std::sort,37200
40,16,own sorting network,178897600
40,16,openmp sorting network,109500
40,16,sequential sorting network,123200
40,16,std::sort,61900
50,16,own sorting network,267768500
50,16,openmp sorting network,162200
50,16,sequential sorting network,175300
50,16,std::sort,91800
60,16,own sorting network,373873200
60,16,openmp sorting network,225700
60,16,sequential sorting network,236600
60,16,std::sort,127000
70,16,own sorting network,498047400
70,16,openmp sorting network,299100
70,16,sequential sorting network,309600
70,16,std::sort,168400
80,16,own sorting network,641860500
80,16,openmp sorting network,379800
80,16,sequential sorting network,401200
80,16,std::sort,215100
90,16,own sorting network,806407000
90,16,openmp sorting network,474900
90,16,sequential sorting network,496800
90,16,std::sort,268400
100,16,own sorting network,988986200
100,16,openmp sorting network,581200
100,16,sequential sorting network,611000
100,16,std::sort,328900
10,24,own sorting network,40721600
10,24,openmp sorting network,23400
10,24,sequential sorting network,21600
10,24,std::sort,13500
20,24,own sorting network,121869400
20,24,openmp sorting network,65700
20,24,sequential sorting network,62900
20,24,std::sort,37400
30,24,own sorting network,239625200
30,24,openmp sorting network,127200
30,24,sequential sorting network,129900
30,24,std::sort,72300
40,24,own sorting network,398378800
40,24,openmp sorting network,209200
40,24,sequential sorting network,211000
40,24,std::sort,119200
50,24,own sorting network,600748000
50,24,openmp sorting network,313000
50,24,sequential sorting network,314400
50,24,std::sort,179200
60,24,own sorting network,842277900
60,24,openmp sorting network,435700
60,24,sequential sorting network,459700
60,24,std::sort,251400
70,24,own sorting network,1126530400
70,24,openmp sorting network,584400
70,24,sequential sorting network,599900
70,24,std::sort,333100
80,24,own sorting network,1444853300
80,24,openmp sorting network,744100
80,24,sequential sorting network,773800
80,24,std::sort,425100
90,24,own sorting network,1804361100
90,24,openmp sorting network,939600
90,24,sequential sorting network,960400
90,24,std::sort,539700
100,24,own sorting network,2226893400
100,24,openmp sorting network,1159200
100,24,sequential sorting network,1188200
100,24,std::sort,669300
10,32,own sorting network,57504800
10,32,openmp sorting network,34300
10,32,sequential sorting network,45300
10,32,std::sort,19600
20,32,own sorting network,172638800
20,32,openmp sorting network,99000
20,32,sequential sorting network,109200
20,32,std::sort,56700
30,32,own sorting network,338331900
30,32,openmp sorting network,208500
30,32,sequential sorting network,197200
30,32,std::sort,109500
40,32,own sorting network,553965100
40,32,openmp sorting network,326900
40,32,sequential sorting network,316900
40,32,std::sort,178600
50,32,own sorting network,824543800
50,32,openmp sorting network,480900
50,32,sequential sorting network,462400
50,32,std::sort,264400
60,32,own sorting network,1138560400
60,32,openmp sorting network,658000
60,32,sequential sorting network,631900
60,32,std::sort,363200
70,32,own sorting network,1508306900
70,32,openmp sorting network,870300
70,32,sequential sorting network,834100
70,32,std::sort,482400
80,32,own sorting network,1939728900
80,32,openmp sorting network,1100800
80,32,sequential sorting network,1065900
80,32,std::sort,618100
90,32,own sorting network,2434128200
90,32,openmp sorting network,1367600
90,32,sequential sorting network,1331800
90,32,std::sort,781900
100,32,own sorting network,2987305200
100,32,openmp sorting network,1670000
100,32,sequential sorting network,1634200
100,32,std::sort,959900
10,40,own sorting network,97795800
10,40,openmp sorting network,50900
10,40,sequential sorting network,49100
10,40,std::sort,24400
20,40,own sorting network,283889200
20,40,openmp sorting network,144100
20,40,sequential sorting network,141400
20,40,std::sort,70700
30,40,own sorting network,557901800
30,40,openmp sorting network,285100
30,40,sequential sorting network,282200
30,40,std::sort,141700
40,40,own sorting network,931844800
40,40,openmp sorting network,476800
40,40,sequential sorting network,474600
40,40,std::sort,232700
50,40,own sorting network,1391339300
50,40,openmp sorting network,721200
50,40,sequential sorting network,710200
50,40,std::sort,347800
60,40,own sorting network,1953417600
60,40,openmp sorting network,997200
60,40,sequential sorting network,980500
60,40,std::sort,482700
70,40,own sorting network,2609984100
70,40,openmp sorting network,1337700
70,40,sequential sorting network,1310700
70,40,std::sort,643200
80,40,own sorting network,3356107600
80,40,openmp sorting network,1699900
80,40,sequential sorting network,1664300
80,40,std::sort,822100
90,40,own sorting network,4184230000
90,40,openmp sorting network,2087300
90,40,sequential sorting network,2074000
90,40,std::sort,1017400
100,40,own sorting network,5114877400
100,40,openmp sorting network,2550300
100,40,sequential sorting network,2505000
100,40,std::sort,1243800
10,48,own sorting network,106670800
10,48,openmp sorting network,58400
10,48,sequential sorting network,57400
10,48,std::sort,29700
20,48,own sorting network,322725000
20,48,openmp sorting network,170100
20,48,sequential sorting network,182300
20,48,std::sort,85700
30,48,own sorting network,643062100
30,48,openmp sorting network,334500
30,48,sequential sorting network,345300
30,48,std::sort,169300
40,48,own sorting network,1068101300
40,48,openmp sorting network,553900
40,48,sequential sorting network,604800
40,48,std::sort,279400
50,48,own sorting network,1611009600
50,48,openmp sorting network,824100
50,48,sequential sorting network,884300
50,48,std::sort,417000
60,48,own sorting network,2261767700
60,48,openmp sorting network,1145300
60,48,sequential sorting network,1235800
60,48,std::sort,581200
70,48,own sorting network,3017171500
70,48,openmp sorting network,1518800
70,48,sequential sorting network,1622300
70,48,std::sort,772200
80,48,own sorting network,3875310500
80,48,openmp sorting network,1940500
80,48,sequential sorting network,2048900
80,48,std::sort,983900
90,48,own sorting network,4843700700
90,48,openmp sorting network,2419900
90,48,sequential sorting network,2543900
90,48,std::sort,1228000
100,48,own sorting network,5920396000
100,48,openmp sorting network,2959300
100,48,sequential sorting network,3087200
100,48,std::sort,1500000
10,56,own sorting network,125088600
10,56,openmp sorting network,73000
10,56,sequential sorting network,71000
10,56,std::sort,34800
20,56,own sorting network,375762400
20,56,openmp sorting network,220000
20,56,sequential sorting network,204400
20,56,std::sort,102500
30,56,own sorting network,742028500
30,56,openmp sorting network,422800
30,56,sequential sorting network,405100
30,56,std::sort,206200
40,56,own sorting network,1237517600
40,56,openmp sorting network,686600
40,56,sequential sorting network,666100
40,56,std::sort,338100
50,56,own sorting network,1862821900
50,56,openmp sorting network,1028600
50,56,sequential sorting network,998500
50,56,std::sort,516200
60,56,own sorting network,2605766600
60,56,openmp sorting network,1445700
60,56,sequential sorting network,1442200
60,56,std::sort,724200
70,56,own sorting network,3482420300
70,56,openmp sorting network,1917600
70,56,sequential sorting network,1912200
70,56,std::sort,960300
80,56,own sorting network,4469327400
80,56,openmp sorting network,2451700
80,56,sequential sorting network,2482700
80,56,std::sort,1228000
90,56,own sorting network,5596583500
90,56,openmp sorting network,3114000
90,56,sequential sorting network,3140700
90,56,std::sort,1554800
100,56,own sorting network,6838710000
100,56,openmp sorting network,3757100
100,56,sequential sorting network,3795200
100,56,std::sort,1896800
10,64,own sorting network,131339600
10,64,openmp sorting network,84400
10,64,sequential sorting network,83300
10,64,std::sort,40000
20,64,own sorting network,391213800
20,64,openmp sorting network,251300
20,64,sequential sorting network,240700
20,64,std::sort,119700
30,64,own sorting network,775981300
30,64,openmp sorting network,485700
30,64,sequential sorting network,474400
30,64,std::sort,236900
40,64,own sorting network,1308516900
40,64,openmp sorting network,807600
40,64,sequential sorting network,793200
40,64,std::sort,432600
50,64,own sorting network,1962446500
50,64,openmp sorting network,1223700
50,64,sequential sorting network,1213400
50,64,std::sort,641100
60,64,own sorting network,2754951500
60,64,openmp sorting network,1694000
60,64,sequential sorting network,1692700
60,64,std::sort,878600
70,64,own sorting network,3673088500
70,64,openmp sorting network,2238900
70,64,sequential sorting network,2229800
70,64,std::sort,1156100
80,64,own sorting network,4694149900
80,64,openmp sorting network,2881300
80,64,sequential sorting network,2867300
80,64,std::sort,1471000
90,64,own sorting network,5850077300
90,64,openmp sorting network,3580700
90,64,sequential sorting network,3581000
90,64,std::sort,1815100
100,64,own sorting network,7152756000
100,64,openmp sorting network,4346000
100,64,sequential sorting network,4352500
100,64,std::sort,2208400
10,72,own sorting network,194908600
10,72,openmp sorting network,108400
10,72,sequential sorting network,113600
10,72,std::sort,46300
20,72,own sorting network,572470400
20,72,openmp sorting network,318200
20,72,sequential sorting network,320900
20,72,std::sort,136800
30,72,own sorting network,1141552400
30,72,openmp sorting network,633700
30,72,sequential sorting network,663800
30,72,std::sort,271900
40,72,own sorting network,1901131100
40,72,openmp sorting network,1060200
40,72,sequential sorting network,1080500
40,72,std::sort,455200
50,72,own sorting network,2843361100
50,72,openmp sorting network,1581100
50,72,sequential sorting network,1591400
50,72,std::sort,685900
60,72,own sorting network,4048354400
60,72,openmp sorting network,2210800
60,72,sequential sorting network,2198600
60,72,std::sort,951500
70,72,own sorting network,5467159000
70,72,openmp sorting network,2945500
70,72,sequential sorting network,2933200
70,72,std::sort,1272700
80,72,own sorting network,7095951700
80,72,openmp sorting network,3763400
80,72,sequential sorting network,3750000
80,72,std::sort,1629500
90,72,own sorting network,8950558100
90,72,openmp sorting network,4660300
90,72,sequential sorting network,4645700
90,72,std::sort,2030200
100,72,own sorting network,10995627700
100,72,openmp sorting network,5728400
100,72,sequential sorting network,5696300
100,72,std::sort,2484000
10,80,own sorting network,219389000
10,80,openmp sorting network,119600
10,80,sequential sorting network,125400
10,80,std::sort,52200
20,80,own sorting network,665471600
20,80,openmp sorting network,496000
20,80,sequential sorting network,1066300
20,80,std::sort,154900
30,80,own sorting network,1330608700
30,80,openmp sorting network,852600
30,80,sequential sorting network,1422100
30,80,std::sort,311100
40,80,own sorting network,2222537200
40,80,openmp sorting network,1322400
40,80,sequential sorting network,1889100
40,80,std::sort,518600
50,80,own sorting network,3344307800
50,80,openmp sorting network,1915000
50,80,sequential sorting network,2491100
50,80,std::sort,782700
60,80,own sorting network,4680289500
60,80,openmp sorting network,2629900
60,80,sequential sorting network,3215400
60,80,std::sort,1113900
70,80,own sorting network,6261358900
70,80,openmp sorting network,3430800
70,80,sequential sorting network,4025200
70,80,std::sort,1474800
80,80,own sorting network,8030603800
80,80,openmp sorting network,4395600
80,80,sequential sorting network,4961300
80,80,std::sort,1888600
90,80,own sorting network,10060996300
90,80,openmp sorting network,5491300
90,80,sequential sorting network,6021300
90,80,std::sort,2355000
100,80,own sorting network,12314545800
100,80,openmp sorting network,6679500
100,80,sequential sorting network,7202000
100,80,std::sort,2877600
10,88,own sorting network,248802900
10,88,openmp sorting network,136600
10,88,sequential sorting network,133300
10,88,std::sort,60000
20,88,own sorting network,742061400
20,88,openmp sorting network,408700
20,88,sequential sorting network,410100
20,88,std::sort,206700
30,88,own sorting network,1480748400
30,88,openmp sorting network,800600
30,88,sequential sorting network,834500
30,88,std::sort,383200
40,88,own sorting network,2468734400
40,88,openmp sorting network,1324700
40,88,sequential sorting network,1360600
40,88,std::sort,615400
50,88,own sorting network,3707656400
50,88,openmp sorting network,2018100
50,88,sequential sorting network,2034500
50,88,std::sort,917700
60,88,own sorting network,5200279500
60,88,openmp sorting network,2823900
60,88,sequential sorting network,2849400
60,88,std::sort,1264400
70,88,own sorting network,6929311900
70,88,openmp sorting network,3748300
70,88,sequential sorting network,3763400
70,88,std::sort,1670400
80,88,own sorting network,8836557200
80,88,openmp sorting network,4885400
80,88,sequential sorting network,4901400
80,88,std::sort,2180900
90,88,own sorting network,11006469700
90,88,openmp sorting network,6066800
90,88,sequential sorting network,6078100
90,88,std::sort,2709600
100,88,own sorting network,13435963700
100,88,openmp sorting network,7329900
100,88,sequential sorting network,7349600
100,88,std::sort,3280300
10,96,own sorting network,266156500
10,96,openmp sorting network,156000
10,96,sequential sorting network,144000
10,96,std::sort,64500
20,96,own sorting network,754837400
20,96,openmp sorting network,462000
20,96,sequential sorting network,463300
20,96,std::sort,200100
30,96,own sorting network,1553904500
30,96,openmp sorting network,921000
30,96,sequential sorting network,907500
30,96,std::sort,404300
40,96,own sorting network,2583482200
40,96,openmp sorting network,1486700
40,96,sequential sorting network,1471800
40,96,std::sort,654000
50,96,own sorting network,3805332400
50,96,openmp sorting network,2227300
50,96,sequential sorting network,2203500
50,96,std::sort,984600
60,96,own sorting network,5363136100
60,96,openmp sorting network,3084500
60,96,sequential sorting network,3118100
60,96,std::sort,1374600
70,96,own sorting network,7178127000
70,96,openmp sorting network,4087200
70,96,sequential sorting network,4126900
70,96,std::sort,1882800
80,96,own sorting network,9228162600
80,96,openmp sorting network,5202800
80,96,sequential sorting network,5242100
80,96,std::sort,2389100
90,96,own sorting network,11597159900
90,96,openmp sorting network,6494100
90,96,sequential sorting network,6528000
90,96,std::sort,2959300
100,96,own sorting network,14258312700
100,96,openmp sorting network,7894300
100,96,sequential sorting network,7939400
100,96,std::sort,3589400
10,104,own sorting network,285708300
10,104,openmp sorting network,183200
10,104,sequential sorting network,183000
10,104,std::sort,72900
20,104,own sorting network,856055100
20,104,openmp sorting network,503300
20,104,sequential sorting network,494100
20,104,std::sort,210700
30,104,own sorting network,1698549500
30,104,openmp sorting network,982500
30,104,sequential sorting network,978400
30,104,std::sort,423800
40,104,own sorting network,2848525700
40,104,openmp sorting network,1622500
40,104,sequential sorting network,1607600
40,104,std::sort,717800
50,104,own sorting network,4240907100
50,104,openmp sorting network,2395300
50,104,sequential sorting network,2378100
50,104,std::sort,1062100
60,104,own sorting network,5919642000
60,104,openmp sorting network,3352700
60,104,sequential sorting network,3353100
60,104,std::sort,1484300
70,104,own sorting network,7701286100
70,104,openmp sorting network,4556300
70,104,sequential sorting network,4548800
70,104,std::sort,2035800
80,104,own sorting network,9802876500
80,104,openmp sorting network,5828500
80,104,sequential sorting network,5850300
80,104,std::sort,2606900
90,104,own sorting network,12225935300
90,104,openmp sorting network,7247200
90,104,sequential sorting network,7268500
90,104,std::sort,3245700
100,104,own sorting network,15103779100
100,104,openmp sorting network,8781500
100,104,sequential sorting network,8829500
100,104,std::sort,3939100
10,112,own sorting network,301712500
10,112,openmp sorting network,176100
10,112,sequential sorting network,172800
10,112,std::sort,79200
20,112,own sorting network,917227200
20,112,openmp sorting network,528500
20,112,sequential sorting network,511500
20,112,std::sort,243600
30,112,own sorting network,1793178600
30,112,openmp sorting network,1041100
30,112,sequential sorting network,1017800
30,112,std::sort,468900
40,112,own sorting network,2954902600
40,112,openmp sorting network,1722600
40,112,sequential sorting network,1696900
40,112,std::sort,768300
50,112,own sorting network,4409701200
50,112,openmp sorting network,2671700
50,112,sequential sorting network,2688200
50,112,std::sort,1225900
60,112,own sorting network,6199119600
60,112,openmp sorting network,3678000
60,112,sequential sorting network,3693400
60,112,std::sort,1675300
70,112,own sorting network,8191259100
70,112,openmp sorting network,4873400
70,112,sequential sorting network,4904000
70,112,std::sort,2231300
80,112,own sorting network,10482489600
80,112,openmp sorting network,6213800
80,112,sequential sorting network,6238200
80,112,std::sort,2838200
90,112,own sorting network,13108701200
90,112,openmp sorting network,8026100
90,112,sequential sorting network,8177300
90,112,std::sort,3651200
100,112,own sorting network,16089473000
100,112,openmp sorting network,9765800
100,112,sequential sorting network,9923700
100,112,std::sort,4430900
10,120,own sorting network,327532000
10,120,openmp sorting network,198400
10,120,sequential sorting network,187300
10,120,std::sort,86800
20,120,own sorting network,983809400
20,120,openmp sorting network,574200
20,120,sequential sorting network,570500
20,120,std::sort,254300
30,120,own sorting network,1947630200
30,120,openmp sorting network,1171900
30,120,sequential sorting network,1129500
30,120,std::sort,517900
40,120,own sorting network,3212470400
40,120,openmp sorting network,1940800
40,120,sequential sorting network,1871800
40,120,std::sort,860900
50,120,own sorting network,4644107600
50,120,openmp sorting network,2872600
50,120,sequential sorting network,2802200
50,120,std::sort,1275900
60,120,own sorting network,6373825400
60,120,openmp sorting network,3958700
60,120,sequential sorting network,3905400
60,120,std::sort,1771300
70,120,own sorting network,8252170200
70,120,openmp sorting network,5427300
70,120,sequential sorting network,5390500
70,120,std::sort,2419200
80,120,own sorting network,10491629300
80,120,openmp sorting network,7006100
80,120,sequential sorting network,7011400
80,120,std::sort,3129600
90,120,own sorting network,12982028000
90,120,openmp sorting network,8794600
90,120,sequential sorting network,8765300
90,120,std::sort,4426400
100,120,own sorting network,15620855000
100,120,openmp sorting network,10702000
100,120,sequential sorting network,10665100
100,120,std::sort,5291600
10,128,own sorting network,274870900
10,128,openmp sorting network,212300
10,128,sequential sorting network,210800
10,128,std::sort,94200
20,128,own sorting network,822772000
20,128,openmp sorting network,650200
20,128,sequential sorting network,639600
20,128,std::sort,294000
30,128,own sorting network,1601633700
30,128,openmp sorting network,1313700
30,128,sequential sorting network,1294700
30,128,std::sort,587900
40,128,own sorting network,2691192200
40,128,openmp sorting network,2289700
40,128,sequential sorting network,2572400
40,128,std::sort,1109700
50,128,own sorting network,4273896500
50,128,openmp sorting network,3277000
50,128,sequential sorting network,3555800
50,128,std::sort,1563800
60,128,own sorting network,6027059600
60,128,openmp sorting network,4487800
60,128,sequential sorting network,4735500
60,128,std::sort,2096500
70,128,own sorting network,8000902700
70,128,openmp sorting network,5974400
70,128,sequential sorting network,6181800
70,128,std::sort,2774800
80,128,own sorting network,10349969700
80,128,openmp sorting network,7595500
80,128,sequential sorting network,7784800
80,128,std::sort,3498100
90,128,own sorting network,12999019400
90,128,openmp sorting network,9406200
90,128,sequential sorting network,9638100
90,128,std::sort,4316800
100,128,own sorting network,15854333300
100,128,openmp sorting network,11428800
100,128,sequential sorting network,11646800
100,128,std::sort,5215000
10,136,own sorting network,402635400
10,136,openmp sorting network,249900
10,136,sequential sorting network,249000
10,136,std::sort,99200
20,136,own sorting network,1174709200
20,136,openmp sorting network,747500
20,136,sequential sorting network,755600
20,136,std::sort,293200
30,136,own sorting network,2325003000
30,136,openmp sorting network,1491000
30,136,sequential sorting network,1541100
30,136,std::sort,594500
40,136,own sorting network,3899713700
40,136,openmp sorting network,2480700
40,136,sequential sorting network,2552100
40,136,std::sort,982000
50,136,own sorting network,5729276000
50,136,openmp sorting network,3788400
50,136,sequential sorting network,3829400
50,136,std::sort,1480600
60,136,own sorting network,8023896900
60,136,openmp sorting network,5235400
60,136,sequential sorting network,5305600
60,136,std::sort,2062000
70,136,own sorting network,10662845200
70,136,openmp sorting network,7090800
70,136,sequential sorting network,7138800
70,136,std::sort,2782000
80,136,own sorting network,13661911100
80,136,openmp sorting network,9015100
80,136,sequential sorting network,9069500
80,136,std::sort,3538100
90,136,own sorting network,17018714600
90,136,openmp sorting network,11179900
90,136,sequential sorting network,11248400
90,136,std::sort,4398100
100,136,own sorting network,20882628600
100,136,openmp sorting network,13595600
100,136,sequential sorting network,13704200
100,136,std::sort,5343400
10,144,own sorting network,388671800
10,144,openmp sorting network,262000
10,144,sequential sorting network,259000
10,144,std::sort,102900
20,144,own sorting network,1164090000
20,144,openmp sorting network,819300
20,144,sequential sorting network,815500
20,144,std::sort,322400
30,144,own sorting network,2321702600
30,144,openmp sorting network,1613100
30,144,sequential sorting network,1601300
30,144,std::sort,632900
40,144,own sorting network,3949475800
40,144,openmp sorting network,2629600
40,144,sequential sorting network,2618000
40,144,std::sort,1046200
50,144,own sorting network,6184060300
50,144,openmp sorting network,3909700
50,144,sequential sorting network,3885900
50,144,std::sort,1558200
60,144,own sorting network,8758281300
60,144,openmp sorting network,5447900
60,144,sequential sorting network,5431000
60,144,std::sort,2167800
70,144,own sorting network,11793353300
70,144,openmp sorting network,7270300
70,144,sequential sorting network,7245000
70,144,std::sort,2882800
80,144,own sorting network,15188577000
80,144,openmp sorting network,9332100
80,144,sequential sorting network,9323500
80,144,std::sort,3694100
90,144,own sorting network,19035123800
90,144,openmp sorting network,11639800
90,144,sequential sorting network,11628700
90,144,std::sort,4632000
100,144,own sorting network,23195099600
100,144,openmp sorting network,14180500
100,144,sequential sorting network,14166300
100,144,std::sort,5744500
10,152,own sorting network,454448400
10,152,openmp sorting network,277600
10,152,sequential sorting network,274900
10,152,std::sort,109400
20,152,own sorting network,1384131900
20,152,openmp sorting network,842100
20,152,sequential sorting network,849900
20,152,std::sort,331000
30,152,own sorting network,2741418900
30,152,openmp sorting network,1698800
30,152,sequential sorting network,1705400
30,152,std::sort,668600
40,152,own sorting network,4660487700
40,152,openmp sorting network,2794400
40,152,sequential sorting network,2828300
40,152,std::sort,1099700
50,152,own sorting network,7042147100
50,152,openmp sorting network,4289200
50,152,sequential sorting network,4480800
50,152,std::sort,1661100
60,152,own sorting network,9987225200
60,152,openmp sorting network,5930900
60,152,sequential sorting network,6148000
60,152,std::sort,2312100
70,152,own sorting network,13317819900
70,152,openmp sorting network,7999700
70,152,sequential sorting network,8151800
70,152,std::sort,3111000
80,152,own sorting network,16649428400
80,152,openmp sorting network,10438200
80,152,sequential sorting network,10585200
80,152,std::sort,4035800
90,152,own sorting network,21110427600
90,152,openmp sorting network,12945300
90,152,sequential sorting network,13107900
90,152,std::sort,5008400
100,152,own sorting network,25945308500
100,152,openmp sorting network,15766800
100,152,sequential sorting network,15908000
100,152,std::sort,6118400
10,160,own sorting network,481651200
10,160,openmp sorting network,318100
10,160,sequential sorting network,299200
10,160,std::sort,132300
20,160,own sorting network,1511557800
20,160,openmp sorting network,937100
20,160,sequential sorting network,882300
20,160,std::sort,368600
30,160,own sorting network,3033307200
30,160,openmp sorting network,1816100
30,160,sequential sorting network,1758800
30,160,std::sort,722800
40,160,own sorting network,4976919700
40,160,openmp sorting network,3337400
40,160,sequential sorting network,2978100
40,160,std::sort,1214100
50,160,own sorting network,7278892300
50,160,openmp sorting network,4808000
50,160,sequential sorting network,4494000
50,160,std::sort,1830600
60,160,own sorting network,10109748300
60,160,openmp sorting network,6568300
60,160,sequential sorting network,6249100
60,160,std::sort,2530600
70,160,own sorting network,13209002200
70,160,openmp sorting network,8827700
70,160,sequential sorting network,8580300
70,160,std::sort,3435800
80,160,own sorting network,17229600500
80,160,openmp sorting network,11104200
80,160,sequential sorting network,10886700
80,160,std::sort,4348200
90,160,own sorting network,21476143400
90,160,openmp sorting network,13733900
90,160,sequential sorting network,13540900
90,160,std::sort,5408800
100,160,own sorting network,25610382500
100,160,openmp sorting network,16724100
100,160,sequential sorting network,16443800
100,160,std::sort,6555200
10,168,own sorting network,350790900
10,168,openmp sorting network,392500
10,168,sequential sorting network,329300
10,168,std::sort,128200
20,168,own sorting network,1237756000
20,168,openmp sorting network,1013100
20,168,sequential sorting network,955700
20,168,std::sort,376300
30,168,own sorting network,2653129800
30,168,openmp sorting network,1957600
30,168,sequential sorting network,1960500
30,168,std::sort,756400
40,168,own sorting network,4435105800
40,168,openmp sorting network,3169500
40,168,sequential sorting network,3203000
40,168,std::sort,1246700
50,168,own sorting network,6729033100
50,168,openmp sorting network,4760000
50,168,sequential sorting network,4804700
50,168,std::sort,1883300
60,168,own sorting network,9581642900
60,168,openmp sorting network,6582600
60,168,sequential sorting network,6623800
60,168,std::sort,2617200
70,168,own sorting network,12668190700
70,168,openmp sorting network,8900200
70,168,sequential sorting network,8799600
70,168,std::sort,3517600
80,168,own sorting network,16281105700
80,168,openmp sorting network,11440800
80,168,sequential sorting network,11276800
80,168,std::sort,4530900
90,168,own sorting network,20479760800
90,168,openmp sorting network,14176400
90,168,sequential sorting network,14193200
90,168,std::sort,5624500
100,168,own sorting network,25110541800
100,168,openmp sorting network,17309100
100,168,sequential sorting network,17287000
100,168,std::sort,6890100
10,176,own sorting network,486018600
10,176,openmp sorting network,337100
10,176,sequential sorting network,338300
10,176,std::sort,138700
20,176,own sorting network,1406585200
20,176,openmp sorting network,983700
20,176,sequential sorting network,989200
20,176,std::sort,406300
30,176,own sorting network,2734860800
30,176,openmp sorting network,2081600
30,176,sequential sorting network,2034700
30,176,std::sort,825900
40,176,own sorting network,4580479100
40,176,openmp sorting network,3360300
40,176,sequential sorting network,3347300
40,176,std::sort,1333300
50,176,own sorting network,6823122700
50,176,openmp sorting network,5000200
50,176,sequential sorting network,4975500
50,176,std::sort,1987300
60,176,own sorting network,9444776000
60,176,openmp sorting network,6970300
60,176,sequential sorting network,6922100
60,176,std::sort,2773100
70,176,own sorting network,12687599900
70,176,openmp sorting network,9181900
70,176,sequential sorting network,9144400
70,176,std::sort,3670800
80,176,own sorting network,16432667000
80,176,openmp sorting network,11772900
80,176,sequential sorting network,11701000
80,176,std::sort,4706100
90,176,own sorting network,20562512900
90,176,openmp sorting network,14651600
90,176,sequential sorting network,14683500
90,176,std::sort,5863200
100,176,own sorting network,25238966400
100,176,openmp sorting network,17803000
100,176,sequential sorting network,17840000
100,176,std::sort,7121000
10,184,own sorting network,476971300
10,184,openmp sorting network,342700
10,184,sequential sorting network,349800
10,184,std::sort,135100
20,184,own sorting network,1485809500
20,184,openmp sorting network,1038600
20,184,sequential sorting network,1056300
20,184,std::sort,409800
30,184,own sorting network,2977674500
30,184,openmp sorting network,2021400
30,184,sequential sorting network,2037500
30,184,std::sort,810000
40,184,own sorting network,4959736800
40,184,openmp sorting network,3515900
40,184,sequential sorting network,3565300
40,184,std::sort,1412600
50,184,own sorting network,7253470600
50,184,openmp sorting network,5231100
50,184,sequential sorting network,5272200
50,184,std::sort,2119000
60,184,own sorting network,10346182500
60,184,openmp sorting network,7278700
60,184,sequential sorting network,7330400
60,184,std::sort,2948900
70,184,own sorting network,13459140200
70,184,openmp sorting network,9824900
70,184,sequential sorting network,9778900
70,184,std::sort,3935800
80,184,own sorting network,17309936900
80,184,openmp sorting network,12679600
80,184,sequential sorting network,12597000
80,184,std::sort,5065000
90,184,own sorting network,21778101000
90,184,openmp sorting network,15685600
90,184,sequential sorting network,15635900
90,184,std::sort,6279500
100,184,own sorting network,27240853100
100,184,openmp sorting network,19155000
100,184,sequential sorting network,19116400
100,184,std::sort,7670200
10,192,own sorting network,568979000
10,192,openmp sorting network,363900
10,192,sequential sorting network,399700
10,192,std::sort,144900
20,192,own sorting network,1717729300
20,192,openmp sorting network,1134900
20,192,sequential sorting network,1126000
20,192,std::sort,433900
30,192,own sorting network,3315108400
30,192,openmp sorting network,2231500
30,192,sequential sorting network,2205700
30,192,std::sort,866800
40,192,own sorting network,5164102000
40,192,openmp sorting network,3689400
40,192,sequential sorting network,3676600
40,192,std::sort,1450500
50,192,own sorting network,7483715700
50,192,openmp sorting network,5525100
50,192,sequential sorting network,5519200
50,192,std::sort,2233400
60,192,own sorting network,10239760300
60,192,openmp sorting network,7917300
60,192,sequential sorting network,7806800
60,192,std::sort,3163700
70,192,own sorting network,13620774200
70,192,openmp sorting network,10533900
70,192,sequential sorting network,10385500
70,192,std::sort,4374100
80,192,own sorting network,17394342200
80,192,openmp sorting network,13408500
80,192,sequential sorting network,13281500
80,192,std::sort,5535900
90,192,own sorting network,21552541200
90,192,openmp sorting network,16643300
90,192,sequential sorting network,16513100
90,192,std::sort,6839700
100,192,own sorting network,26021075600
100,192,openmp sorting network,20722300
100,192,sequential sorting network,20803100
100,192,std::sort,8828400
10,200,own sorting network,496224300
10,200,openmp sorting network,432100
10,200,sequential sorting network,415100
10,200,std::sort,163500
20,200,own sorting network,1421276000
20,200,openmp sorting network,1230500
20,200,sequential sorting network,1199900
20,200,std::sort,473700
30,200,own sorting network,2838678300
30,200,openmp sorting network,2362500
30,200,sequential sorting network,2339600
30,200,std::sort,1037900
40,200,own sorting network,4772888200
40,200,openmp sorting network,3977500
40,200,sequential sorting network,3970200
40,200,std::sort,1684700
50,200,own sorting network,7390066300
50,200,openmp sorting network,5823000
50,200,sequential sorting network,5825500
50,200,std::sort,2429400
60,200,own sorting network,10249056900
60,200,openmp sorting network,8041300
60,200,sequential sorting network,8051100
60,200,std::sort,3318600
70,200,own sorting network,13640531400
70,200,openmp sorting network,10735100
70,200,sequential sorting network,10803300
70,200,std::sort,4652900
80,200,own sorting network,17297461700
80,200,openmp sorting network,13966300
80,200,sequential sorting network,14152500
80,200,std::sort,5946300
90,200,own sorting network,21848605300
90,200,openmp sorting network,17894100
90,200,sequential sorting network,17864000
90,200,std::sort,7372400
100,200,own sorting network,27188395600
100,200,openmp sorting network,21650000
100,200,sequential sorting network,21562700
100,200,std::sort,9218300
10,208,own sorting network,573685600
10,208,openmp sorting network,412300
10,208,sequential sorting network,417700
10,208,std::sort,177800
20,208,own sorting network,1561534200
20,208,openmp sorting network,1369900
20,208,sequential sorting network,1354800
20,208,std::sort,541100
30,208,own sorting network,3220036900
30,208,openmp sorting network,2643400
30,208,sequential sorting network,2609400
30,208,std::sort,1044600
40,208,own sorting network,5506511100
40,208,openmp sorting network,4179600
40,208,sequential sorting network,4248500
40,208,std::sort,1670900
50,208,own sorting network,8467233500
50,208,openmp sorting network,6548800
50,208,sequential sorting network,7405800
50,208,std::sort,3186100
60,208,own sorting network,12151536500
60,208,openmp sorting network,9030600
60,208,sequential sorting network,9775400
60,208,std::sort,4144700
70,208,own sorting network,16501409000
70,208,openmp sorting network,11661200
70,208,sequential sorting network,12413600
70,208,std::sort,5213500
80,208,own sorting network,21515122600
80,208,openmp sorting network,14750400
80,208,sequential sorting network,15516700
80,208,std::sort,6455700
90,208,own sorting network,26683740200
90,208,openmp sorting network,18198500
90,208,sequential sorting network,19036100
90,208,std::sort,7839800
100,208,own sorting network,32770564300
100,208,openmp sorting network,22246100
100,208,sequential sorting network,23071700
100,208,std::sort,9457400
10,216,own sorting network,637747300
10,216,openmp sorting network,419100
10,216,sequential sorting network,419200
10,216,std::sort,182600
20,216,own sorting network,1919784500
20,216,openmp sorting network,1214200
20,216,sequential sorting network,1212000
20,216,std::sort,505600
30,216,own sorting network,3811769200
30,216,openmp sorting network,2414100
30,216,sequential sorting network,2411500
30,216,std::sort,1003700
40,216,own sorting network,6361470200
40,216,openmp sorting network,4089200
40,216,sequential sorting network,4043100
40,216,std::sort,1663800
50,216,own sorting network,9508196500
50,216,openmp sorting network,6110900
50,216,sequential sorting network,6046300
50,216,std::sort,2497000
60,216,own sorting network,12650634700
60,216,openmp sorting network,8590000
60,216,sequential sorting network,8507300
60,216,std::sort,3512400
70,216,own sorting network,16528752600
70,216,openmp sorting network,11462500
70,216,sequential sorting network,11352600
70,216,std::sort,4646600
80,216,own sorting network,21011832600
80,216,openmp sorting network,14951900
80,216,sequential sorting network,14842000
80,216,std::sort,6057500
90,216,own sorting network,26305877600
90,216,openmp sorting network,18666300
90,216,sequential sorting network,18575100
90,216,std::sort,7540900
100,216,own sorting network,32351089100
100,216,openmp sorting network,22787800
100,216,sequential sorting network,22715700
100,216,std::sort,9195800
10,224,own sorting network,663982600
10,224,openmp sorting network,445500
10,224,sequential sorting network,426700
10,224,std::sort,167600
20,224,own sorting network,1935960500
20,224,openmp sorting network,1284000
20,224,sequential sorting network,1272000
20,224,std::sort,502700
30,224,own sorting network,3889034700
30,224,openmp sorting network,2545700
30,224,sequential sorting network,2526900
30,224,std::sort,1016100
40,224,own sorting network,6577459900
40,224,openmp sorting network,4218700
40,224,sequential sorting network,4223300
40,224,std::sort,1696900
50,224,own sorting network,9739625400
50,224,openmp sorting network,6430600
50,224,sequential sorting network,6431900
50,224,std::sort,2612600
60,224,own sorting network,13588139900
60,224,openmp sorting network,8959700
60,224,sequential sorting network,8924000
60,224,std::sort,3623800
70,224,own sorting network,17758271400
70,224,openmp sorting network,11911000
70,224,sequential sorting network,11870900
70,224,std::sort,4807900
80,224,own sorting network,23023515200
80,224,openmp sorting network,15346400
80,224,sequential sorting network,15264100
80,224,std::sort,6201200
90,224,own sorting network,29090189800
90,224,openmp sorting network,19104700
90,224,sequential sorting network,19014800
90,224,std::sort,7744400
100,224,own sorting network,35041995500
100,224,openmp sorting network,23248200
100,224,sequential sorting network,23142300
100,224,std::sort,9426900
10,232,own sorting network,557492700
10,232,openmp sorting network,437300
10,232,sequential sorting network,443100
10,232,std::sort,177000
20,232,own sorting network,1701524200
20,232,openmp sorting network,1302400
20,232,sequential sorting network,1304100
20,232,std::sort,525600
30,232,own sorting network,3622828500
30,232,openmp sorting network,2600400
30,232,sequential sorting network,2612400
30,232,std::sort,1052600
40,232,own sorting network,6546157600
40,232,openmp sorting network,4357500
40,232,sequential sorting network,4344500
40,232,std::sort,1803900
50,232,own sorting network,9968420500
50,232,openmp sorting network,6603600
50,232,sequential sorting network,6497500
50,232,std::sort,2685400
60,232,own sorting network,13137087500
60,232,openmp sorting network,9371200
60,232,sequential sorting network,9252400
60,232,std::sort,3799100
70,232,own sorting network,17027641600
70,232,openmp sorting network,12512200
70,232,sequential sorting network,12415700
70,232,std::sort,5055800
80,232,own sorting network,21420052400
80,232,openmp sorting network,16057200
80,232,sequential sorting network,15979300
80,232,std::sort,6500800
90,232,own sorting network,26408363500
90,232,openmp sorting network,20070300
90,232,sequential sorting network,20021900
90,232,std::sort,8125700
100,232,own sorting network,32076140900
100,232,openmp sorting network,24850000
100,232,sequential sorting network,24890600
100,232,std::sort,10034900
10,240,own sorting network,403999300
10,240,openmp sorting network,524500
10,240,sequential sorting network,530100
10,240,std::sort,220500
20,240,own sorting network,1342345900
20,240,openmp sorting network,1536800
20,240,sequential sorting network,1544200
20,240,std::sort,623800
30,240,own sorting network,2787193100
30,240,openmp sorting network,3119200
30,240,sequential sorting network,3086000
30,240,std::sort,1235500
40,240,own sorting network,4843458000
40,240,openmp sorting network,5161100
40,240,sequential sorting network,5109000
40,240,std::sort,2055400
50,240,own sorting network,7204805100
50,240,openmp sorting network,7749100
50,240,sequential sorting network,7642200
50,240,std::sort,3418400
60,240,own sorting network,9988058300
60,240,openmp sorting network,10982100
60,240,sequential sorting network,10901600
60,240,std::sort,4873100
70,240,own sorting network,13608270900
70,240,openmp sorting network,14186300
70,240,sequential sorting network,14111200
70,240,std::sort,6153800
80,240,own sorting network,18082120600
80,240,openmp sorting network,17848500
80,240,sequential sorting network,17711100
80,240,std::sort,7609400
90,240,own sorting network,23213285700
90,240,openmp sorting network,22225500
90,240,sequential sorting network,22159000
90,240,std::sort,9346500
100,240,own sorting network,29159388700
100,240,openmp sorting network,26893900
100,240,sequential sorting network,26791500
100,240,std::sort,11231800
10,248,own sorting network,601424800
10,248,openmp sorting network,469900
10,248,sequential sorting network,472600
10,248,std::sort,190600
20,248,own sorting network,1811350500
20,248,openmp sorting network,1501500
20,248,sequential sorting network,1439300
20,248,std::sort,571200
30,248,own sorting network,3579122400
30,248,openmp sorting network,3009300
30,248,sequential sorting network,2900600
30,248,std::sort,1151400
40,248,own sorting network,6459424100
40,248,openmp sorting network,4931800
40,248,sequential sorting network,4826800
40,248,std::sort,1935000
50,248,own sorting network,9820367000
50,248,openmp sorting network,7283600
50,248,sequential sorting network,7184200
50,248,std::sort,2876300
60,248,own sorting network,13973155300
60,248,openmp sorting network,10115700
60,248,sequential sorting network,10119500
60,248,std::sort,4024700
70,248,own sorting network,18102161800
70,248,openmp sorting network,13314200
70,248,sequential sorting network,13396600
70,248,std::sort,5318500
80,248,own sorting network,23084849900
80,248,openmp sorting network,17074300
80,248,sequential sorting network,17157900
80,248,std::sort,6837600
90,248,own sorting network,28797137800
90,248,openmp sorting network,21493000
90,248,sequential sorting network,21573900
90,248,std::sort,8659900
100,248,own sorting network,34974341200
100,248,openmp sorting network,26786100
100,248,sequential sorting network,26942000
100,248,std::sort,10769000
10,256,own sorting network,585111400
10,256,openmp sorting network,501300
10,256,sequential sorting network,535600
10,256,std::sort,205400
20,256,own sorting network,1715482800
20,256,openmp sorting network,1506200
20,256,sequential sorting network,1559800
20,256,std::sort,612100
30,256,own sorting network,3566171000
30,256,openmp sorting network,2965000
30,256,sequential sorting network,3063400
30,256,std::sort,1217100
40,256,own sorting network,6009804800
40,256,openmp sorting network,5162500
40,256,sequential sorting network,5065100
40,256,std::sort,2046700
50,256,own sorting network,9067437400
50,256,openmp sorting network,7689100
50,256,sequential sorting network,7610600
50,256,std::sort,3056600
60,256,own sorting network,13161326500
60,256,openmp sorting network,10591900
60,256,sequential sorting network,10563000
60,256,std::sort,4239000
70,256,own sorting network,17615205600
70,256,openmp sorting network,14014000
70,256,sequential sorting network,14100500
70,256,std::sort,5620100
80,256,own sorting network,22343232200
80,256,openmp sorting network,18012700
80,256,sequential sorting network,18112300
80,256,std::sort,7226600
90,256,own sorting network,28359218800
90,256,openmp sorting network,22645300
90,256,sequential sorting network,22632200
90,256,std::sort,9026400
100,256,own sorting network,35483332800
100,256,openmp sorting network,27577800
100,256,sequential sorting network,27620300
100,256,std::sort,11043800
10,8,own sorting network,5439000
10,8,openmp sorting network,4300
10,8,sequential sorting network,4600
10,8,std::sort,3400
20,8,own sorting network,16264200
20,8,openmp sorting network,11600
20,8,sequential sorting network,12600
20,8,std::sort,8800
30,8,own sorting network,32325200
30,8,openmp sorting network,23400
30,8,sequential sorting network,24000
30,8,std::sort,17800
40,8,own sorting network,53446100
40,8,openmp sorting network,37900
40,8,sequential sorting network,38900
40,8,std::sort,28100
50,8,own sorting network,80301700
50,8,openmp sorting network,55400
50,8,sequential sorting network,64700
50,8,std::sort,41200
60,8,own sorting network,112535700
60,8,openmp sorting network,76200
60,8,sequential sorting network,86000
60,8,std::sort,57400
70,8,own sorting network,150824200
70,8,openmp sorting network,100900
70,8,sequential sorting network,111300
70,8,std::sort,74700
80,8,own sorting network,194389600
80,8,openmp sorting network,128200
80,8,sequential sorting network,139700
80,8,std::sort,93800
90,8,own sorting network,242764700
90,8,openmp sorting network,167300
90,8,sequential sorting network,170300
90,8,std::sort,115600
100,8,own sorting network,296433000
100,8,openmp sorting network,201600
100,8,sequential sorting network,204400
100,8,std::sort,140300
10,16,own sorting network,17651200
10,16,openmp sorting network,11500
10,16,sequential sorting network,11100
10,16,std::sort,7500
20,16,own sorting network,52471300
20,16,openmp sorting network,33100
20,16,sequential sorting network,32900
20,16,std::sort,19800
30,16,own sorting network,105980500
30,16,openmp sorting network,66200
30,16,sequential sorting network,65200
30,16,std::sort,38300
40,16,own sorting network,178113100
40,16,openmp sorting network,108600
40,16,sequential sorting network,107200
40,16,std::sort,62200
50,16,own sorting network,269996800
50,16,openmp sorting network,166800
50,16,sequential sorting network,160000
50,16,std::sort,91900
60,16,own sorting network,379178000
60,16,openmp sorting network,229700
60,16,sequential sorting network,222500
60,16,std::sort,126700
70,16,own sorting network,505449100
70,16,openmp sorting network,303800
70,16,sequential sorting network,295000
70,16,std::sort,167500
80,16,own sorting network,648790300
80,16,openmp sorting network,385600
80,16,sequential sorting network,377100
80,16,std::sort,215400
90,16,own sorting network,810467800
90,16,openmp sorting network,477100
90,16,sequential sorting network,468600
90,16,std::sort,268600
100,16,own sorting network,996684000
100,16,openmp sorting network,586200
100,16,sequential sorting network,576800
100,16,std::sort,329000
10,24,own sorting network,41794400
10,24,openmp sorting network,24100
10,24,sequential sorting network,29300
10,24,std::sort,13200
20,24,own sorting network,128223900
20,24,openmp sorting network,69600
20,24,sequential sorting network,74600
20,24,std::sort,39700
30,24,own sorting network,259752400
30,24,openmp sorting network,155700
30,24,sequential sorting network,141600
30,24,std::sort,78300
40,24,own sorting network,428865200
40,24,openmp sorting network,239300
40,24,sequential sorting network,225200
40,24,std::sort,125700
50,24,own sorting network,630741200
50,24,openmp sorting network,340500
50,24,sequential sorting network,324100
50,24,std::sort,184300
60,24,own sorting network,875637800
60,24,openmp sorting network,507900
60,24,sequential sorting network,481300
60,24,std::sort,272300
70,24,own sorting network,1223740800
70,24,openmp sorting network,672100
70,24,sequential sorting network,645500
70,24,std::sort,367100
80,24,own sorting network,1594240200
80,24,openmp sorting network,858200
80,24,sequential sorting network,823700
80,24,std::sort,467100
90,24,own sorting network,1985076000
90,24,openmp sorting network,1047000
90,24,sequential sorting network,1011500
90,24,std::sort,576500
100,24,own sorting network,2391919500
100,24,openmp sorting network,1253800
100,24,sequential sorting network,1209400
100,24,std::sort,691300
10,32,own sorting network,52060000
10,32,openmp sorting network,31200
10,32,sequential sorting network,29900
10,32,std::sort,18000
20,32,own sorting network,157510100
20,32,openmp sorting network,90500
20,32,sequential sorting network,88600
20,32,std::sort,52500
30,32,own sorting network,319251700
30,32,openmp sorting network,180100
30,32,sequential sorting network,178000
30,32,std::sort,103600
40,32,own sorting network,533717400
40,32,openmp sorting network,296200
40,32,sequential sorting network,294700
40,32,std::sort,172600
50,32,own sorting network,799207100
50,32,openmp sorting network,446200
50,32,sequential sorting network,436900
50,32,std::sort,255500
60,32,own sorting network,1116910300
60,32,openmp sorting network,625400
60,32,sequential sorting network,607600
60,32,std::sort,355000
70,32,own sorting network,1481728800
70,32,openmp sorting network,823800
70,32,sequential sorting network,806200
70,32,std::sort,468400
80,32,own sorting network,1901961300
80,32,openmp sorting network,1059100
80,32,sequential sorting network,1033900
80,32,std::sort,599800
90,32,own sorting network,2367433500
90,32,openmp sorting network,1310500
90,32,sequential sorting network,1286500
90,32,std::sort,746500
100,32,own sorting network,2891249000
100,32,openmp sorting network,1589000
100,32,sequential sorting network,1569000
100,32,std::sort,910200
10,40,own sorting network,90499600
10,40,openmp sorting network,46900
10,40,sequential sorting network,46400
10,40,std::sort,22800
20,40,own sorting network,266440000
20,40,openmp sorting network,136200
20,40,sequential sorting network,135700
20,40,std::sort,68100
30,40,own sorting network,536292400
30,40,openmp sorting network,265500
30,40,sequential sorting network,265300
30,40,std::sort,132400
40,40,own sorting network,895376200
40,40,openmp sorting network,437200
40,40,sequential sorting network,435000
40,40,std::sort,218200
50,40,own sorting network,1351310000
50,40,openmp sorting network,657600
50,40,sequential sorting network,654500
50,40,std::sort,338300
60,40,own sorting network,1897331900
60,40,openmp sorting network,912600
60,40,sequential sorting network,919400
60,40,std::sort,466100
70,40,own sorting network,2525529900
70,40,openmp sorting network,1209100
70,40,sequential sorting network,1226000
70,40,std::sort,614200
80,40,own sorting network,3252920600
80,40,openmp sorting network,1545000
80,40,sequential sorting network,1566300
80,40,std::sort,784200
90,40,own sorting network,4059410300
90,40,openmp sorting network,1934200
90,40,sequential sorting network,1963600
90,40,std::sort,981200
100,40,own sorting network,4965020400
100,40,openmp sorting network,2356400
100,40,sequential sorting network,2392400
100,40,std::sort,1195200
10,48,own sorting network,108847900
10,48,openmp sorting network,57100
10,48,sequential sorting network,56900
10,48,std::sort,28000
20,48,own sorting network,322147200
20,48,openmp sorting network,167900
20,48,sequential sorting network,167200
20,48,std::sort,94200
30,48,own sorting network,635794200
30,48,openmp sorting network,334500
30,48,sequential sorting network,333600
30,48,std::sort,179500
40,48,own sorting network,1065308200
40,48,openmp sorting network,552400
40,48,sequential sorting network,550200
40,48,std::sort,297800
50,48,own sorting network,1603957800
50,48,openmp sorting network,816300
50,48,sequential sorting network,822300
50,48,std::sort,432000
60,48,own sorting network,2243769400
60,48,openmp sorting network,1143000
60,48,sequential sorting network,1156400
60,48,std::sort,596600
70,48,own sorting network,3000393700
70,48,openmp sorting network,1534500
70,48,sequential sorting network,1534800
70,48,std::sort,797300
80,48,own sorting network,3859929500
80,48,openmp sorting network,1986700
80,48,sequential sorting network,1975700
80,48,std::sort,1021100
90,48,own sorting network,4850985200
90,48,openmp sorting network,2516700
90,48,sequential sorting network,2492500
90,48,std::sort,1264500
100,48,own sorting network,5914532400
100,48,openmp sorting network,3060100
100,48,sequential sorting network,3040200
100,48,std::sort,1537200
10,56,own sorting network,123150000
10,56,openmp sorting network,68800
10,56,sequential sorting network,68200
10,56,std::sort,34100
20,56,own sorting network,367408300
20,56,openmp sorting network,205700
20,56,sequential sorting network,206000
20,56,std::sort,104000
30,56,own sorting network,727048500
30,56,openmp sorting network,404500
30,56,sequential sorting network,404700
30,56,std::sort,211300
40,56,own sorting network,1199895100
40,56,openmp sorting network,728000
40,56,sequential sorting network,670400
40,56,std::sort,342600
50,56,own sorting network,1798019800
50,56,openmp sorting network,1058000
50,56,sequential sorting network,1006300
50,56,std::sort,507300
60,56,own sorting network,2506582700
60,56,openmp sorting network,1446400
60,56,sequential sorting network,1398500
60,56,std::sort,705500
70,56,own sorting network,3327880500
70,56,openmp sorting network,1916900
70,56,sequential sorting network,1870700
70,56,std::sort,948900
80,56,own sorting network,4283164400
80,56,openmp sorting network,2497400
80,56,sequential sorting network,2456000
80,56,std::sort,1232900
90,56,own sorting network,5356448100
90,56,openmp sorting network,3075300
90,56,sequential sorting network,3048900
90,56,std::sort,1528500
100,56,own sorting network,6532847000
100,56,openmp sorting network,3725100
100,56,sequential sorting network,3704300
100,56,std::sort,1856700
10,64,own sorting network,132021200
10,64,openmp sorting network,81900
10,64,sequential sorting network,79200
10,64,std::sort,40300
20,64,own sorting network,397323200
20,64,openmp sorting network,240300
20,64,sequential sorting network,235600
20,64,std::sort,118800
30,64,own sorting network,792964100
30,64,openmp sorting network,480400
30,64,sequential sorting network,467100
30,64,std::sort,235700
40,64,own sorting network,1327256700
40,64,openmp sorting network,797700
40,64,sequential sorting network,784300
40,64,std::sort,402400
50,64,own sorting network,1992595900
50,64,openmp sorting network,1190900
50,64,sequential sorting network,1168300
50,64,std::sort,596200
60,64,own sorting network,2774141100
60,64,openmp sorting network,1660100
60,64,sequential sorting network,1630200
60,64,std::sort,837000
70,64,own sorting network,3695599200
70,64,openmp sorting network,2196300
70,64,sequential sorting network,2161500
70,64,std::sort,1100500
80,64,own sorting network,4784717900
80,64,openmp sorting network,2818500
80,64,sequential sorting network,2793400
80,64,std::sort,1409400
90,64,own sorting network,6035254500
90,64,openmp sorting network,3515900
90,64,sequential sorting network,3482700
90,64,std::sort,1764900
100,64,own sorting network,7400513000
100,64,openmp sorting network,4279800
100,64,sequential sorting network,4256900
100,64,std::sort,2170400
10,72,own sorting network,205176300
10,72,openmp sorting network,111100
10,72,sequential sorting network,107900
10,72,std::sort,46300
20,72,own sorting network,605064800
20,72,openmp sorting network,322600
20,72,sequential sorting network,329700
20,72,std::sort,137400
30,72,own sorting network,1214839300
30,72,openmp sorting network,634900
30,72,sequential sorting network,647800
30,72,std::sort,272700
40,72,own sorting network,2029370500
40,72,openmp sorting network,1070000
40,72,sequential sorting network,1066700
40,72,std::sort,451400
50,72,own sorting network,3010406700
50,72,openmp sorting network,1596200
50,72,sequential sorting network,1592700
50,72,std::sort,680200
60,72,own sorting network,4149410900
60,72,openmp sorting network,2230900
60,72,sequential sorting network,2208900
60,72,std::sort,946300
70,72,own sorting network,5468597600
70,72,openmp sorting network,2933300
70,72,sequential sorting network,2918000
70,72,std::sort,1263700
80,72,own sorting network,6986810600
80,72,openmp sorting network,3752800
80,72,sequential sorting network,3736400
80,72,std::sort,1618300
90,72,own sorting network,8771680500
90,72,openmp sorting network,4683000
90,72,sequential sorting network,4634600
90,72,std::sort,2004800
100,72,own sorting network,10826155300
100,72,openmp sorting network,5705300
100,72,sequential sorting network,5676200
100,72,std::sort,2459100
10,80,own sorting network,222607500
10,80,openmp sorting network,121300
10,80,sequential sorting network,115000
10,80,std::sort,51200
20,80,own sorting network,670552400
20,80,openmp sorting network,367400
20,80,sequential sorting network,347600
20,80,std::sort,155100
30,80,own sorting network,1348646700
30,80,openmp sorting network,706900
30,80,sequential sorting network,693000
30,80,std::sort,304800
40,80,own sorting network,2242522000
40,80,openmp sorting network,1164800
40,80,sequential sorting network,1170100
40,80,std::sort,507000
50,80,own sorting network,3364275400
50,80,openmp sorting network,1721800
50,80,sequential sorting network,1735100
50,80,std::sort,751500
60,80,own sorting network,4709067700
60,80,openmp sorting network,2406200
60,80,sequential sorting network,2427800
60,80,std::sort,1084300
70,80,own sorting network,6255138600
70,80,openmp sorting network,3202900
70,80,sequential sorting network,3227500
70,80,std::sort,1446800
80,80,own sorting network,8025613200
80,80,openmp sorting network,4133400
80,80,sequential sorting network,4140000
80,80,std::sort,1855100
90,80,own sorting network,10011028700
90,80,openmp sorting network,5135800
90,80,sequential sorting network,5239900
90,80,std::sort,2309400
100,80,own sorting network,12261776300
100,80,openmp sorting network,6288200
100,80,sequential sorting network,6380400
100,80,std::sort,2808000
10,88,own sorting network,246548400
10,88,openmp sorting network,130400
10,88,sequential sorting network,128000
10,88,std::sort,55400
20,88,own sorting network,747099400
20,88,openmp sorting network,396200
20,88,sequential sorting network,384800
20,88,std::sort,170800
30,88,own sorting network,1480746300
30,88,openmp sorting network,777100
30,88,sequential sorting network,773600
30,88,std::sort,340300
40,88,own sorting network,2463994200
40,88,openmp sorting network,1325700
40,88,sequential sorting network,1293100
40,88,std::sort,567800
50,88,own sorting network,3684453400
50,88,openmp sorting network,1971800
50,88,sequential sorting network,1926300
50,88,std::sort,859400
60,88,own sorting network,5148896700
60,88,openmp sorting network,2754500
60,88,sequential sorting network,2738900
60,88,std::sort,1224300
70,88,own sorting network,6863469900
70,88,openmp sorting network,3691600
70,88,sequential sorting network,3656900
70,88,std::sort,1625300
80,88,own sorting network,8830448000
80,88,openmp sorting network,5266500
80,88,sequential sorting network,4710900
80,88,std::sort,2099200
90,88,own sorting network,11053672900
90,88,openmp sorting network,6457800
90,88,sequential sorting network,5903400
90,88,std::sort,2659900
100,88,own sorting network,13527948500
100,88,openmp sorting network,7743400
100,88,sequential sorting network,7225700
100,88,std::sort,3223100
10,96,own sorting network,269300200
10,96,openmp sorting network,147900
10,96,sequential sorting network,145500
10,96,std::sort,66000
20,96,own sorting network,815772400
20,96,openmp sorting network,448800
20,96,sequential sorting network,434000
20,96,std::sort,197300
30,96,own sorting network,1622347600
30,96,openmp sorting network,876500
30,96,sequential sorting network,853600
30,96,std::sort,387100
40,96,own sorting network,2701106000
40,96,openmp sorting network,1460800
40,96,sequential sorting network,1442200
40,96,std::sort,647300
50,96,own sorting network,4022556300
50,96,openmp sorting network,2325700
50,96,sequential sorting network,2174900
50,96,std::sort,987800
60,96,own sorting network,5622146500
60,96,openmp sorting network,3223400
60,96,sequential sorting network,3039100
60,96,std::sort,1373400
70,96,own sorting network,7496908600
70,96,openmp sorting network,4207400
70,96,sequential sorting network,4020000
70,96,std::sort,1825700
80,96,own sorting network,9634927800
80,96,openmp sorting network,5323600
80,96,sequential sorting network,5163200
80,96,std::sort,2326300
90,96,own sorting network,12039299800
90,96,openmp sorting network,6597200
90,96,sequential sorting network,6430500
90,96,std::sort,2894500
100,96,own sorting network,14653922000
100,96,openmp sorting network,8051900
100,96,sequential sorting network,7860300
100,96,std::sort,3543700
10,104,own sorting network,290597000
10,104,openmp sorting network,158400
10,104,sequential sorting network,156700
10,104,std::sort,69800
20,104,own sorting network,815170200
20,104,openmp sorting network,494200
20,104,sequential sorting network,490500
20,104,std::sort,221800
30,104,own sorting network,1659082500
30,104,openmp sorting network,969900
30,104,sequential sorting network,964200
30,104,std::sort,435100
40,104,own sorting network,2731144600
40,104,openmp sorting network,1666900
40,104,sequential sorting network,1657400
40,104,std::sort,781200
50,104,own sorting network,4152317700
50,104,openmp sorting network,2493300
50,104,sequential sorting network,2488400
50,104,std::sort,1162500
60,104,own sorting network,5779363400
60,104,openmp sorting network,3443800
60,104,sequential sorting network,3452700
60,104,std::sort,1586800
70,104,own sorting network,7783673900
70,104,openmp sorting network,4519600
70,104,sequential sorting network,4532300
70,104,std::sort,2076600
80,104,own sorting network,10009035000
80,104,openmp sorting network,5807700
80,104,sequential sorting network,5873800
80,104,std::sort,2640500
90,104,own sorting network,12541912100
90,104,openmp sorting network,7230600
90,104,sequential sorting network,7315000
90,104,std::sort,3285400
100,104,own sorting network,15339662900
100,104,openmp sorting network,8824100
100,104,sequential sorting network,8917900
100,104,std::sort,3998100
10,112,own sorting network,290942900
10,112,openmp sorting network,180700
10,112,sequential sorting network,191600
10,112,std::sort,81400
20,112,own sorting network,846740900
20,112,openmp sorting network,539200
20,112,sequential sorting network,556500
20,112,std::sort,241300
30,112,own sorting network,1687178700
30,112,openmp sorting network,1051300
30,112,sequential sorting network,1079900
30,112,std::sort,470200
40,112,own sorting network,2790667300
40,112,openmp sorting network,1749700
40,112,sequential sorting network,1797400
40,112,std::sort,800200
50,112,own sorting network,4131587200
50,112,openmp sorting network,2605700
50,112,sequential sorting network,2661900
50,112,std::sort,1184200
60,112,own sorting network,5723066600
60,112,openmp sorting network,3707300
60,112,sequential sorting network,3738900
60,112,std::sort,1658600
70,112,own sorting network,7648248500
70,112,openmp sorting network,4883800
70,112,sequential sorting network,4945000
70,112,std::sort,2189700
80,112,own sorting network,9851556300
80,112,openmp sorting network,6299700
80,112,sequential sorting network,6367600
80,112,std::sort,2829200
90,112,own sorting network,12554481700
90,112,openmp sorting network,7799800
90,112,sequential sorting network,7882000
90,112,std::sort,3503500
100,112,own sorting network,15316546000
100,112,openmp sorting network,9810300
100,112,sequential sorting network,9884600
100,112,std::sort,4395900
10,120,own sorting network,296459500
10,120,openmp sorting network,211500
10,120,sequential sorting network,210400
10,120,std::sort,94700
20,120,own sorting network,971255600
20,120,openmp sorting network,613400
20,120,sequential sorting network,614800
20,120,std::sort,273000
30,120,own sorting network,1937403900
30,120,openmp sorting network,1168000
30,120,sequential sorting network,1158500
30,120,std::sort,530300
40,120,own sorting network,3210946100
40,120,openmp sorting network,1922200
40,120,sequential sorting network,1911100
40,120,std::sort,873300
50,120,own sorting network,4702753500
50,120,openmp sorting network,2851100
50,120,sequential sorting network,2839400
50,120,std::sort,1308500
60,120,own sorting network,6482501700
60,120,openmp sorting network,3938200
60,120,sequential sorting network,3922700
60,120,std::sort,1797200
70,120,own sorting network,8542301300
70,120,openmp sorting network,5369500
70,120,sequential sorting network,5338400
70,120,std::sort,2449300
80,120,own sorting network,10871418800
80,120,openmp sorting network,6875900
80,120,sequential sorting network,6823900
80,120,std::sort,3125200
90,120,own sorting network,13507377600
90,120,openmp sorting network,8592600
90,120,sequential sorting network,8486100
90,120,std::sort,3889200
100,120,own sorting network,16267229900
100,120,openmp sorting network,10806500
100,120,sequential sorting network,10636400
100,120,std::sort,4886300
10,128,own sorting network,308919000
10,128,openmp sorting network,214000
10,128,sequential sorting network,212900
10,128,std::sort,102900
20,128,own sorting network,941724400
20,128,openmp sorting network,624000
20,128,sequential sorting network,628500
20,128,std::sort,278600
30,128,own sorting network,1951945000
30,128,openmp sorting network,1236000
30,128,sequential sorting network,1218500
30,128,std::sort,550000
40,128,own sorting network,3187523700
40,128,openmp sorting network,2057400
40,128,sequential sorting network,2009000
40,128,std::sort,903100
50,128,own sorting network,4822638100
50,128,openmp sorting network,3076800
50,128,sequential sorting network,3057900
50,128,std::sort,1361200
60,128,own sorting network,6797694100
60,128,openmp sorting network,4271000
60,128,sequential sorting network,4249700
60,128,std::sort,1895300
70,128,own sorting network,9065223700
70,128,openmp sorting network,5809100
70,128,sequential sorting network,5692100
70,128,std::sort,2534100
80,128,own sorting network,11656386700
80,128,openmp sorting network,7442200
80,128,sequential sorting network,7278400
80,128,std::sort,3237000
90,128,own sorting network,14511266100
90,128,openmp sorting network,9230400
90,128,sequential sorting network,9066600
90,128,std::sort,4029900
100,128,own sorting network,17530333700
100,128,openmp sorting network,11185200
100,128,sequential sorting network,11093000
100,128,std::sort,4913800
10,136,own sorting network,385967300
10,136,openmp sorting network,272500
10,136,sequential sorting network,264000
10,136,std::sort,110600
20,136,own sorting network,1230043700
20,136,openmp sorting network,789100
20,136,sequential sorting network,779600
20,136,std::sort,310300
30,136,own sorting network,2468155100
30,136,openmp sorting network,1526500
30,136,sequential sorting network,1513600
30,136,std::sort,611200
40,136,own sorting network,3973450700
40,136,openmp sorting network,2598800
40,136,sequential sorting network,2559900
40,136,std::sort,1046500
50,136,own sorting network,5918154900
50,136,openmp sorting network,3889200
50,136,sequential sorting network,3823900
50,136,std::sort,1568600
60,136,own sorting network,8230848300
60,136,openmp sorting network,5372000
60,136,sequential sorting network,5273200
60,136,std::sort,2139900
70,136,own sorting network,10875438700
70,136,openmp sorting network,7099800
70,136,sequential sorting network,7000400
70,136,std::sort,2814000
80,136,own sorting network,13944142300
80,136,openmp sorting network,9075100
80,136,sequential sorting network,9001600
80,136,std::sort,3596300
90,136,own sorting network,17519023400
90,136,openmp sorting network,11427700
90,136,sequential sorting network,11173100
90,136,std::sort,4453100
100,136,own sorting network,21476639100
100,136,openmp sorting network,13848800
100,136,sequential sorting network,13566700
100,136,std::sort,5405400
10,144,own sorting network,414010500
10,144,openmp sorting network,260900
10,144,sequential sorting network,260200
10,144,std::sort,111500
20,144,own sorting network,1259456200
20,144,openmp sorting network,764100
20,144,sequential sorting network,755300
20,144,std::sort,309200
30,144,own sorting network,2518688100
30,144,openmp sorting network,1537400
30,144,sequential sorting network,1517600
30,144,std::sort,613200
40,144,own sorting network,4340255100
40,144,openmp sorting network,2565500
40,144,sequential sorting network,2555800
40,144,std::sort,1017100
50,144,own sorting network,6657029600
50,144,openmp sorting network,3813800
50,144,sequential sorting network,3818600
50,144,std::sort,1505900
60,144,own sorting network,9233690000
60,144,openmp sorting network,5433000
60,144,sequential sorting network,5463200
60,144,std::sort,2149700
70,144,own sorting network,12262710000
70,144,openmp sorting network,7170700
70,144,sequential sorting network,7213000
70,144,std::sort,2837800
80,144,own sorting network,15876398400
80,144,openmp sorting network,9173600
80,144,sequential sorting network,9211900
80,144,std::sort,3630200
90,144,own sorting network,20007410100
90,144,openmp sorting network,11473100
90,144,sequential sorting network,11450200
90,144,std::sort,4519300
100,144,own sorting network,24421615900
100,144,openmp sorting network,14014900
100,144,sequential sorting network,14040500
100,144,std::sort,5532700
10,152,own sorting network,512083300
10,152,openmp sorting network,280200
10,152,sequential sorting network,267100
10,152,std::sort,106600
20,152,own sorting network,1493163100
20,152,openmp sorting network,821100
20,152,sequential sorting network,805600
20,152,std::sort,323700
30,152,own sorting network,2993251100
30,152,openmp sorting network,1633900
30,152,sequential sorting network,1607000
30,152,std::sort,637900
40,152,own sorting network,4931873000
40,152,openmp sorting network,2738600
40,152,sequential sorting network,2694600
40,152,std::sort,1064400
50,152,own sorting network,7167269900
50,152,openmp sorting network,4198000
50,152,sequential sorting network,4059700
50,152,std::sort,1602600
60,152,own sorting network,10075300900
60,152,openmp sorting network,6091900
60,152,sequential sorting network,5807000
60,152,std::sort,2327200
70,152,own sorting network,12779063500
70,152,openmp sorting network,8242500
70,152,sequential sorting network,7935700
70,152,std::sort,3170000
80,152,own sorting network,16252588200
80,152,openmp sorting network,10510800
80,152,sequential sorting network,10154100
80,152,std::sort,4055000
90,152,own sorting network,20208562000
90,152,openmp sorting network,13383900
90,152,sequential sorting network,12973300
90,152,std::sort,5174300
100,152,own sorting network,24944277700
100,152,openmp sorting network,16188700
100,152,sequential sorting network,15759600
100,152,std::sort,6286300
10,160,own sorting network,515381000
10,160,openmp sorting network,295600
10,160,sequential sorting network,292600
10,160,std::sort,118400
20,160,own sorting network,1509146700
20,160,openmp sorting network,909200
20,160,sequential sorting network,886400
20,160,std::sort,352200
30,160,own sorting network,2821411900
30,160,openmp sorting network,1819900
30,160,sequential sorting network,1789300
30,160,std::sort,710300
40,160,own sorting network,4451779000
40,160,openmp sorting network,3021000
40,160,sequential sorting network,3008200
40,160,std::sort,1191800
50,160,own sorting network,6601606300
50,160,openmp sorting network,4455800
50,160,sequential sorting network,4465200
50,160,std::sort,1759700
60,160,own sorting network,9343262600
60,160,openmp sorting network,6266900
60,160,sequential sorting network,6314100
60,160,std::sort,2484300
70,160,own sorting network,12755305400
70,160,openmp sorting network,8299600
70,160,sequential sorting network,8341400
70,160,std::sort,3321700
80,160,own sorting network,16248768400
80,160,openmp sorting network,10569300
80,160,sequential sorting network,10655700
80,160,std::sort,4242300
90,160,own sorting network,19911670200
90,160,openmp sorting network,13380700
90,160,sequential sorting network,13467700
90,160,std::sort,5355100
100,160,own sorting network,24234728800
100,160,openmp sorting network,16902500
100,160,sequential sorting network,16831700
100,160,std::sort,6666300
10,168,own sorting network,373403800
10,168,openmp sorting network,366800
10,168,sequential sorting network,363600
10,168,std::sort,143500
20,168,own sorting network,1243179000
20,168,openmp sorting network,1034700
20,168,sequential sorting network,1048700
20,168,std::sort,407300
30,168,own sorting network,2439734200
30,168,openmp sorting network,2114600
30,168,sequential sorting network,2128400
30,168,std::sort,968100
40,168,own sorting network,4260670000
40,168,openmp sorting network,3401500
40,168,sequential sorting network,3401700
40,168,std::sort,1503000
50,168,own sorting network,6921228800
50,168,openmp sorting network,4902900
50,168,sequential sorting network,4983700
50,168,std::sort,2114500
60,168,own sorting network,9705836400
60,168,openmp sorting network,6819500
60,168,sequential sorting network,6893700
60,168,std::sort,2884800
70,168,own sorting network,13128651000
70,168,openmp sorting network,8946600
70,168,sequential sorting network,9193500
70,168,std::sort,3734700
80,168,own sorting network,16876336600
80,168,openmp sorting network,11439300
80,168,sequential sorting network,11692500
80,168,std::sort,4725700
90,168,own sorting network,21082333500
90,168,openmp sorting network,14180800
90,168,sequential sorting network,14411700
90,168,std::sort,5810000
100,168,own sorting network,25433040200
100,168,openmp sorting network,17740400
100,168,sequential sorting network,18063900
100,168,std::sort,7163100
10,176,own sorting network,496229400
10,176,openmp sorting network,333600
10,176,sequential sorting network,337700
10,176,std::sort,132200
20,176,own sorting network,1271425800
20,176,openmp sorting network,1104900
20,176,sequential sorting network,1073600
20,176,std::sort,417900
30,176,own sorting network,2724489700
30,176,openmp sorting network,2070900
30,176,sequential sorting network,2049900
30,176,std::sort,802100
40,176,own sorting network,4658294600
40,176,openmp sorting network,3470100
40,176,sequential sorting network,3434400
40,176,std::sort,1319200
50,176,own sorting network,6974091400
50,176,openmp sorting network,5058600
50,176,sequential sorting network,5041100
50,176,std::sort,1960800
60,176,own sorting network,9742850700
60,176,openmp sorting network,7156000
60,176,sequential sorting network,7131500
60,176,std::sort,2767900
70,176,own sorting network,12603843900
70,176,openmp sorting network,9639700
70,176,sequential sorting network,9649200
70,176,std::sort,3774200
80,176,own sorting network,15599847700
80,176,openmp sorting network,12728100
80,176,sequential sorting network,12744500
80,176,std::sort,4998500
90,176,own sorting network,19850759000
90,176,openmp sorting network,15744700
90,176,sequential sorting network,15701800
90,176,std::sort,6182000
100,176,own sorting network,24631879900
100,176,openmp sorting network,19431200
100,176,sequential sorting network,19357400
100,176,std::sort,7650400
10,184,own sorting network,497469200
10,184,openmp sorting network,395800
10,184,sequential sorting network,394500
10,184,std::sort,154200
20,184,own sorting network,1380682700
20,184,openmp sorting network,1428600
20,184,sequential sorting network,1210400
20,184,std::sort,455200
30,184,own sorting network,2720960100
30,184,openmp sorting network,2549900
30,184,sequential sorting network,2336500
30,184,std::sort,930100
40,184,own sorting network,4537862600
40,184,openmp sorting network,4050800
40,184,sequential sorting network,3863200
40,184,std::sort,1567600
50,184,own sorting network,6777061500
50,184,openmp sorting network,5928200
50,184,sequential sorting network,5778600
50,184,std::sort,2335200
60,184,own sorting network,9737871300
60,184,openmp sorting network,8210200
60,184,sequential sorting network,8065800
60,184,std::sort,3257000
70,184,own sorting network,13439620600
70,184,openmp sorting network,10549100
70,184,sequential sorting network,10423000
70,184,std::sort,4210500
80,184,own sorting network,17772268800
80,184,openmp sorting network,13366100
80,184,sequential sorting network,13206100
80,184,std::sort,5323100
90,184,own sorting network,22191224800
90,184,openmp sorting network,16476900
90,184,sequential sorting network,16435100
90,184,std::sort,6596300
100,184,own sorting network,27856479800
100,184,openmp sorting network,19954100
100,184,sequential sorting network,19855000
100,184,std::sort,8004300
10,192,own sorting network,615307000
10,192,openmp sorting network,374600
10,192,sequential sorting network,353300
10,192,std::sort,155100
20,192,own sorting network,1751883700
20,192,openmp sorting network,1106200
20,192,sequential sorting network,1071800
20,192,std::sort,444000
30,192,own sorting network,3607109800
30,192,openmp sorting network,2277200
30,192,sequential sorting network,2208400
30,192,std::sort,889100
40,192,own sorting network,6002069800
40,192,openmp sorting network,3711000
40,192,sequential sorting network,3636900
40,192,std::sort,1546900
50,192,own sorting network,9059238800
50,192,openmp sorting network,5526300
50,192,sequential sorting network,5529800
50,192,std::sort,2291900
60,192,own sorting network,12709607000
60,192,openmp sorting network,7698300
60,192,sequential sorting network,7704500
60,192,std::sort,3166700
70,192,own sorting network,16586273100
70,192,openmp sorting network,10415200
70,192,sequential sorting network,10371900
70,192,std::sort,4232500
80,192,own sorting network,21442191200
80,192,openmp sorting network,13283800
80,192,sequential sorting network,13249200
80,192,std::sort,5394800
90,192,own sorting network,26647141300
90,192,openmp sorting network,16569600
90,192,sequential sorting network,16530500
90,192,std::sort,6743100
100,192,own sorting network,32701564500
100,192,openmp sorting network,20216700
100,192,sequential sorting network,20175100
100,192,std::sort,8213400
10,200,own sorting network,620380800
10,200,openmp sorting network,398700
10,200,sequential sorting network,418300
10,200,std::sort,157700
20,200,own sorting network,1816277400
20,200,openmp sorting network,1255900
20,200,sequential sorting network,1253300
20,200,std::sort,504100
30,200,own sorting network,3243994700
30,200,openmp sorting network,2647400
30,200,sequential sorting network,2588500
30,200,std::sort,1027800
40,200,own sorting network,5418481500
40,200,openmp sorting network,4269800
40,200,sequential sorting network,4820800
40,200,std::sort,1678500
50,200,own sorting network,8100798600
50,200,openmp sorting network,6262800
50,200,sequential sorting network,6797400
50,200,std::sort,2480100
60,200,own sorting network,11334223300
60,200,openmp sorting network,8530800
60,200,sequential sorting network,9029500
60,200,std::sort,3389900
70,200,own sorting network,15750226400
70,200,openmp sorting network,11147300
70,200,sequential sorting network,11706400
70,200,std::sort,4433300
80,200,own sorting network,20902087700
80,200,openmp sorting network,14408700
80,200,sequential sorting network,14918900
80,200,std::sort,5717000
90,200,own sorting network,26862757400
90,200,openmp sorting network,18043000
90,200,sequential sorting network,18523600
90,200,std::sort,7161200
100,200,own sorting network,33113187100
100,200,openmp sorting network,22070400
100,200,sequential sorting network,22601900
100,200,std::sort,8766500
10,208,own sorting network,625939000
10,208,openmp sorting network,413700
10,208,sequential sorting network,397200
10,208,std::sort,158700
20,208,own sorting network,2035784000
20,208,openmp sorting network,1195900
20,208,sequential sorting network,1169800
20,208,std::sort,467200
30,208,own sorting network,4113405600
30,208,openmp sorting network,2355300
30,208,sequential sorting network,2452000
30,208,std::sort,932200
40,208,own sorting network,6869371500
40,208,openmp sorting network,3942200
40,208,sequential sorting network,4046100
40,208,std::sort,1576100
50,208,own sorting network,10231796500
50,208,openmp sorting network,5881600
50,208,sequential sorting network,5987400
50,208,std::sort,2359300
60,208,own sorting network,14263922500
60,208,openmp sorting network,8210900
60,208,sequential sorting network,8294800
60,208,std::sort,3331400
70,208,own sorting network,18929249600
70,208,openmp sorting network,10886100
70,208,sequential sorting network,10981600
70,208,std::sort,4415300
80,208,own sorting network,24156315800
80,208,openmp sorting network,13957100
80,208,sequential sorting network,14142700
80,208,std::sort,5716400
90,208,own sorting network,30215361800
90,208,openmp sorting network,17422200
90,208,sequential sorting network,17615500
90,208,std::sort,7142400
100,208,own sorting network,36746782600
100,208,openmp sorting network,21787300
100,208,sequential sorting network,21963000
100,208,std::sort,8877900
10,216,own sorting network,625603600
10,216,openmp sorting network,425000
10,216,sequential sorting network,440900
10,216,std::sort,177100
20,216,own sorting network,1979976600
20,216,openmp sorting network,1264500
20,216,sequential sorting network,1264000
20,216,std::sort,516800
30,216,own sorting network,3961813500
30,216,openmp sorting network,2548600
30,216,sequential sorting network,2523400
30,216,std::sort,1025700
40,216,own sorting network,6684555300
40,216,openmp sorting network,4162100
40,216,sequential sorting network,4093300
40,216,std::sort,1672700
50,216,own sorting network,9890478800
50,216,openmp sorting network,6159500
50,216,sequential sorting network,6129100
50,216,std::sort,2508400
60,216,own sorting network,12934991500
60,216,openmp sorting network,8753400
60,216,sequential sorting network,8827000
60,216,std::sort,3563400
70,216,own sorting network,16635467000
70,216,openmp sorting network,11616100
70,216,sequential sorting network,11709200
70,216,std::sort,4736600
80,216,own sorting network,21736454900
80,216,openmp sorting network,14802100
80,216,sequential sorting network,14941300
80,216,std::sort,6032200
90,216,own sorting network,26814862800
90,216,openmp sorting network,18703300
90,216,sequential sorting network,18812600
90,216,std::sort,7633200
100,216,own sorting network,32441580500
100,216,openmp sorting network,22706100
100,216,sequential sorting network,22823000
100,216,std::sort,9254100
10,224,own sorting network,567325800
10,224,openmp sorting network,413000
10,224,sequential sorting network,418500
10,224,std::sort,166600
20,224,own sorting network,1697159900
20,224,openmp sorting network,1316000
20,224,sequential sorting network,1321100
20,224,std::sort,546700
30,224,own sorting network,3493631200
30,224,openmp sorting network,2528500
30,224,sequential sorting network,2531000
30,224,std::sort,1040400
40,224,own sorting network,5817104200
40,224,openmp sorting network,4190100
40,224,sequential sorting network,4218600
40,224,std::sort,1720800
50,224,own sorting network,9280111600
50,224,openmp sorting network,6263000
50,224,sequential sorting network,6290700
50,224,std::sort,2565400
60,224,own sorting network,13676669900
60,224,openmp sorting network,8780500
60,224,sequential sorting network,8821000
60,224,std::sort,3585300
70,224,own sorting network,18661930700
70,224,openmp sorting network,11700900
70,224,sequential sorting network,11838100
70,224,std::sort,4771600
80,224,own sorting network,23806819400
80,224,openmp sorting network,15089100
80,224,sequential sorting network,15158100
80,224,std::sort,6144000
90,224,own sorting network,28723659600
90,224,openmp sorting network,19281300
90,224,sequential sorting network,19364900
90,224,std::sort,7821300
100,224,own sorting network,34329519000
100,224,openmp sorting network,23688100
100,224,sequential sorting network,23609100
100,224,std::sort,9538800
10,232,own sorting network,562987400
10,232,openmp sorting network,450400
10,232,sequential sorting network,436500
10,232,std::sort,177900
20,232,own sorting network,1676762600
20,232,openmp sorting network,1335800
20,232,sequential sorting network,1327500
20,232,std::sort,537800
30,232,own sorting network,3316896000
30,232,openmp sorting network,2716300
30,232,sequential sorting network,2730600
30,232,std::sort,1099000
40,232,own sorting network,6206762000
40,232,openmp sorting network,4463000
40,232,sequential sorting network,4526600
40,232,std::sort,1806300
50,232,own sorting network,9793453500
50,232,openmp sorting network,6671400
50,232,sequential sorting network,6711400
50,232,std::sort,2686400
60,232,own sorting network,14136235000
60,232,openmp sorting network,9432200
60,232,sequential sorting network,9413000
60,232,std::sort,3793100
70,232,own sorting network,19025828100
70,232,openmp sorting network,12538800
70,232,sequential sorting network,12600300
70,232,std::sort,5061800
80,232,own sorting network,24970371600
80,232,openmp sorting network,16031500
80,232,sequential sorting network,16141400
80,232,std::sort,6470500
90,232,own sorting network,30329849200
90,232,openmp sorting network,19961100
90,232,sequential sorting network,20082000
90,232,std::sort,8051100
100,232,own sorting network,35683625900
100,232,openmp sorting network,24440200
100,232,sequential sorting network,24554100
100,232,std::sort,9806700
10,240,own sorting network,598991000
10,240,openmp sorting network,454900
10,240,sequential sorting network,478100
10,240,std::sort,185000
20,240,own sorting network,1807812200
20,240,openmp sorting network,1381800
20,240,sequential sorting network,1408500
20,240,std::sort,565800
30,240,own sorting network,3875999200
30,240,openmp sorting network,2736000
30,240,sequential sorting network,2761700
30,240,std::sort,1119400
40,240,own sorting network,6857660200
40,240,openmp sorting network,4532300
40,240,sequential sorting network,4569800
40,240,std::sort,1853700
50,240,own sorting network,10426475100
50,240,openmp sorting network,6766500
50,240,sequential sorting network,6810200
50,240,std::sort,2795400
60,240,own sorting network,14616245300
60,240,openmp sorting network,9455900
60,240,sequential sorting network,9640300
60,240,std::sort,3899100
70,240,own sorting network,19380342600
70,240,openmp sorting network,12654500
70,240,sequential sorting network,12797300
70,240,std::sort,5195000
80,240,own sorting network,25163929100
80,240,openmp sorting network,16382400
80,240,sequential sorting network,16564500
80,240,std::sort,6706100
90,240,own sorting network,31469867400
90,240,openmp sorting network,20320200
90,240,sequential sorting network,20488200
90,240,std::sort,8338300
100,240,own sorting network,38660974900
100,240,openmp sorting network,24844900
100,240,sequential sorting network,25029700
100,240,std::sort,10163200
10,248,own sorting network,718543400
10,248,openmp sorting network,482100
10,248,sequential sorting network,487700
10,248,std::sort,194800
20,248,own sorting network,2284758200
20,248,openmp sorting network,1433700
20,248,sequential sorting network,1416200
20,248,std::sort,582200
30,248,own sorting network,4633551400
30,248,openmp sorting network,2846900
30,248,sequential sorting network,2816000
30,248,std::sort,1152500
40,248,own sorting network,7548649600
40,248,openmp sorting network,4738000
40,248,sequential sorting network,4640000
40,248,std::sort,1894800
50,248,own sorting network,11357258200
50,248,openmp sorting network,7140400
50,248,sequential sorting network,6976800
50,248,std::sort,2865900
60,248,own sorting network,15961247400
60,248,openmp sorting network,9967400
60,248,sequential sorting network,9845900
60,248,std::sort,4002100
70,248,own sorting network,21254669700
70,248,openmp sorting network,13356100
70,248,sequential sorting network,13178000
70,248,std::sort,5374500
80,248,own sorting network,27016470400
80,248,openmp sorting network,17084500
80,248,sequential sorting network,16969400
80,248,std::sort,6899200
90,248,own sorting network,33753277600
90,248,openmp sorting network,21326900
90,248,sequential sorting network,21215100
90,248,std::sort,8611200
100,248,own sorting network,40179284300
100,248,openmp sorting network,25970300
100,248,sequential sorting network,25905500
100,248,std::sort,10502200
10,256,own sorting network,753690500
10,256,openmp sorting network,509700
10,256,sequential sorting network,500300
10,256,std::sort,201100
20,256,own sorting network,2320144400
20,256,openmp sorting network,1577500
20,256,sequential sorting network,1479000
20,256,std::sort,604300
30,256,own sorting network,4519273100
30,256,openmp sorting network,3021600
30,256,sequential sorting network,2930100
30,256,std::sort,1196200
40,256,own sorting network,7513578200
40,256,openmp sorting network,5305900
40,256,sequential sorting network,4981700
40,256,std::sort,2089700
50,256,own sorting network,11128725200
50,256,openmp sorting network,7814600
50,256,sequential sorting network,7490000
50,256,std::sort,3095800
60,256,own sorting network,15783620100
60,256,openmp sorting network,11059500
60,256,sequential sorting network,10446100
60,256,std::sort,4277900
70,256,own sorting network,21075642800
70,256,openmp sorting network,14473000
70,256,sequential sorting network,13843800
70,256,std::sort,5650400
80,256,own sorting network,27163793600
80,256,openmp sorting network,18706100
80,256,sequential sorting network,17801700
80,256,std::sort,7237900
90,256,own sorting network,34148589500
90,256,openmp sorting network,23221400
90,256,sequential sorting network,22273700
90,256,std::sort,9075800
100,256,own sorting network,41704388500
100,256,openmp sorting network,28426500
100,256,sequential sorting network,27017800
100,256,std::sort,11078900
10,8,own sorting network,5059600
10,8,openmp sorting network,3600
10,8,sequential sorting network,3700
10,8,std::sort,2800
20,8,own sorting network,15267700
20,8,openmp sorting network,11000
20,8,sequential sorting network,10600
20,8,std::sort,8300
30,8,own sorting network,30427900
30,8,openmp sorting network,22000
30,8,sequential sorting network,21000
30,8,std::sort,15900
40,8,own sorting network,50819400
40,8,openmp sorting network,35400
40,8,sequential sorting network,34900
40,8,std::sort,25400
50,8,own sorting network,76454800
50,8,openmp sorting network,51700
50,8,sequential sorting network,51400
50,8,std::sort,38100
60,8,own sorting network,107513600
60,8,openmp sorting network,72500
60,8,sequential sorting network,70900
60,8,std::sort,52400
70,8,own sorting network,143546800
70,8,openmp sorting network,96600
70,8,sequential sorting network,94800
70,8,std::sort,69500
80,8,own sorting network,185419700
80,8,openmp sorting network,123300
80,8,sequential sorting network,121700
80,8,std::sort,88900
90,8,own sorting network,232654000
90,8,openmp sorting network,153300
90,8,sequential sorting network,152200
90,8,std::sort,110500
100,8,own sorting network,286297500
100,8,openmp sorting network,186100
100,8,sequential sorting network,185300
100,8,std::sort,133600
10,16,own sorting network,17310400
10,16,openmp sorting network,11800
10,16,sequential sorting network,11400
10,16,std::sort,6500
20,16,own sorting network,52384800
20,16,openmp sorting network,34200
20,16,sequential sorting network,32600
20,16,std::sort,18600
30,16,own sorting network,103934200
30,16,openmp sorting network,66500
30,16,sequential sorting network,64900
30,16,std::sort,36800
40,16,own sorting network,172948200
40,16,openmp sorting network,111200
40,16,sequential sorting network,106900
40,16,std::sort,60600
50,16,own sorting network,262018200
50,16,openmp sorting network,164400
50,16,sequential sorting network,158700
50,16,std::sort,90700
60,16,own sorting network,367109000
60,16,openmp sorting network,227200
60,16,sequential sorting network,221400
60,16,std::sort,126700
70,16,own sorting network,493224200
70,16,openmp sorting network,301000
70,16,sequential sorting network,293500
70,16,std::sort,168600
80,16,own sorting network,633109900
80,16,openmp sorting network,382400
80,16,sequential sorting network,374300
80,16,std::sort,213900
90,16,own sorting network,789504600
90,16,openmp sorting network,476500
90,16,sequential sorting network,465700
90,16,std::sort,267500
100,16,own sorting network,965417700
100,16,openmp sorting network,578300
100,16,sequential sorting network,566100
100,16,std::sort,325700
10,24,own sorting network,39828200
10,24,openmp sorting network,23100
10,24,sequential sorting network,22400
10,24,std::sort,13100
20,24,own sorting network,117502400
20,24,openmp sorting network,65500
20,24,sequential sorting network,63400
20,24,std::sort,36900
30,24,own sorting network,238179500
30,24,openmp sorting network,127000
30,24,sequential sorting network,124800
30,24,std::sort,72800
40,24,own sorting network,394077600
40,24,openmp sorting network,205200
40,24,sequential sorting network,202200
40,24,std::sort,118100
50,24,own sorting network,586040100
50,24,openmp sorting network,304400
50,24,sequential sorting network,319000
50,24,std::sort,174600
60,24,own sorting network,820164900
60,24,openmp sorting network,442900
60,24,sequential sorting network,437400
60,24,std::sort,242500
70,24,own sorting network,1097104800
70,24,openmp sorting network,599800
70,24,sequential sorting network,586400
70,24,std::sort,327900
80,24,own sorting network,1432248800
80,24,openmp sorting network,767000
80,24,sequential sorting network,755300
80,24,std::sort,424500
90,24,own sorting network,1802979000
90,24,openmp sorting network,963700
90,24,sequential sorting network,938600
90,24,std::sort,533500
100,24,own sorting network,2208067800
100,24,openmp sorting network,1160700
100,24,sequential sorting network,1136800
100,24,std::sort,648600
10,32,own sorting network,51611000
10,32,openmp sorting network,31400
10,32,sequential sorting network,30400
10,32,std::sort,17400
20,32,own sorting network,153255000
20,32,openmp sorting network,90500
20,32,sequential sorting network,89300
20,32,std::sort,51700
30,32,own sorting network,305326300
30,32,openmp sorting network,176800
30,32,sequential sorting network,174900
30,32,std::sort,101200
40,32,own sorting network,507597100
40,32,openmp sorting network,292400
40,32,sequential sorting network,289600
40,32,std::sort,168900
50,32,own sorting network,763542100
50,32,openmp sorting network,444700
50,32,sequential sorting network,441300
50,32,std::sort,253200
60,32,own sorting network,1070259000
60,32,openmp sorting network,613100
60,32,sequential sorting network,612000
60,32,std::sort,354000
70,32,own sorting network,1426303200
70,32,openmp sorting network,809500
70,32,sequential sorting network,809900
70,32,std::sort,469000
80,32,own sorting network,1831040100
80,32,openmp sorting network,1028400
80,32,sequential sorting network,1038100
80,32,std::sort,597800
90,32,own sorting network,2290871600
90,32,openmp sorting network,1276200
90,32,sequential sorting network,1287200
90,32,std::sort,743100
100,32,own sorting network,2809356600
100,32,openmp sorting network,1564400
100,32,sequential sorting network,1569200
100,32,std::sort,905700
10,40,own sorting network,86874200
10,40,openmp sorting network,46400
10,40,sequential sorting network,45100
10,40,std::sort,22400
20,40,own sorting network,260095200
20,40,openmp sorting network,135600
20,40,sequential sorting network,145900
20,40,std::sort,67600
30,40,own sorting network,516984900
30,40,openmp sorting network,266200
30,40,sequential sorting network,276300
30,40,std::sort,139800
40,40,own sorting network,861982000
40,40,openmp sorting network,436200
40,40,sequential sorting network,446100
40,40,std::sort,226200
50,40,own sorting network,1298574100
50,40,openmp sorting network,667700
50,40,sequential sorting network,668200
50,40,std::sort,340000
60,40,own sorting network,1820947600
60,40,openmp sorting network,935600
60,40,sequential sorting network,935800
60,40,std::sort,472200
70,40,own sorting network,2438856200
70,40,openmp sorting network,1247000
70,40,sequential sorting network,1246500
70,40,std::sort,635700
80,40,own sorting network,3150097300
80,40,openmp sorting network,1595600
80,40,sequential sorting network,1581800
80,40,std::sort,806700
90,40,own sorting network,3954235900
90,40,openmp sorting network,1981900
90,40,sequential sorting network,1979100
90,40,std::sort,1003700
100,40,own sorting network,4874562100
100,40,openmp sorting network,2431700
100,40,sequential sorting network,2443100
100,40,std::sort,1229300
10,48,own sorting network,104798100
10,48,openmp sorting network,61100
10,48,sequential sorting network,59300
10,48,std::sort,29800
20,48,own sorting network,328082800
20,48,openmp sorting network,183700
20,48,sequential sorting network,180800
20,48,std::sort,90200
30,48,own sorting network,655723000
30,48,openmp sorting network,369700
30,48,sequential sorting network,356000
30,48,std::sort,178900
40,48,own sorting network,1088198100
40,48,openmp sorting network,598600
40,48,sequential sorting network,595300
40,48,std::sort,295200
50,48,own sorting network,1625380200
50,48,openmp sorting network,868600
50,48,sequential sorting network,872800
50,48,std::sort,431600
60,48,own sorting network,2250928900
60,48,openmp sorting network,1194400
60,48,sequential sorting network,1205200
60,48,std::sort,596600
70,48,own sorting network,2991243800
70,48,openmp sorting network,1566800
70,48,sequential sorting network,1603200
70,48,std::sort,783200
80,48,own sorting network,3840088900
80,48,openmp sorting network,2057500
80,48,sequential sorting network,2037900
80,48,std::sort,1010500
90,48,own sorting network,4779389000
90,48,openmp sorting network,2563900
90,48,sequential sorting network,2557600
90,48,std::sort,1267800
100,48,own sorting network,5845416200
100,48,openmp sorting network,3378500
100,48,sequential sorting network,3372600
100,48,std::sort,1639800
10,56,own sorting network,133580500
10,56,openmp sorting network,80000
10,56,sequential sorting network,80000
10,56,std::sort,39600
20,56,own sorting network,395975900
20,56,openmp sorting network,227800
20,56,sequential sorting network,235500
20,56,std::sort,114900
30,56,own sorting network,787334500
30,56,openmp sorting network,448400
30,56,sequential sorting network,454000
30,56,std::sort,226600
40,56,own sorting network,1292137400
40,56,openmp sorting network,731100
40,56,sequential sorting network,734800
40,56,std::sort,376700
50,56,own sorting network,1912470800
50,56,openmp sorting network,1070300
50,56,sequential sorting network,1076600
50,56,std::sort,547300
60,56,own sorting network,2632738700
60,56,openmp sorting network,1456200
60,56,sequential sorting network,1465400
60,56,std::sort,745700
70,56,own sorting network,3458140900
70,56,openmp sorting network,2052500
70,56,sequential sorting network,1919800
70,56,std::sort,972400
80,56,own sorting network,4404333900
80,56,openmp sorting network,2577500
80,56,sequential sorting network,2467700
80,56,std::sort,1234700
90,56,own sorting network,5491843500
90,56,openmp sorting network,3203400
90,56,sequential sorting network,3103800
90,56,std::sort,1578000
100,56,own sorting network,6678872000
100,56,openmp sorting network,3847500
100,56,sequential sorting network,3755800
100,56,std::sort,1913400
10,64,own sorting network,129809900
10,64,openmp sorting network,83500
10,64,sequential sorting network,80300
10,64,std::sort,39800
20,64,own sorting network,399400900
20,64,openmp sorting network,237200
20,64,sequential sorting network,232400
20,64,std::sort,116400
30,64,own sorting network,806814700
30,64,openmp sorting network,503500
30,64,sequential sorting network,465700
30,64,std::sort,233200
40,64,own sorting network,1351570600
40,64,openmp sorting network,803100
40,64,sequential sorting network,763700
40,64,std::sort,391500
50,64,own sorting network,2024340400
50,64,openmp sorting network,1222300
50,64,sequential sorting network,1168500
50,64,std::sort,590500
60,64,own sorting network,2838244600
60,64,openmp sorting network,1708800
60,64,sequential sorting network,1664800
60,64,std::sort,835200
70,64,own sorting network,3793441000
70,64,openmp sorting network,2270300
70,64,sequential sorting network,2226700
70,64,std::sort,1112700
80,64,own sorting network,4884236600
80,64,openmp sorting network,2893500
80,64,sequential sorting network,2865400
80,64,std::sort,1427500
90,64,own sorting network,6095604300
90,64,openmp sorting network,3602800
90,64,sequential sorting network,3575000
90,64,std::sort,1782500
100,64,own sorting network,7399158800
100,64,openmp sorting network,4409600
100,64,sequential sorting network,4396000
100,64,std::sort,2195700
10,72,own sorting network,198868200
10,72,openmp sorting network,109800
10,72,sequential sorting network,106600
10,72,std::sort,47600
20,72,own sorting network,611326900
20,72,openmp sorting network,335100
20,72,sequential sorting network,329900
20,72,std::sort,145800
30,72,own sorting network,1227035400
30,72,openmp sorting network,652500
30,72,sequential sorting network,645100
30,72,std::sort,297800
40,72,own sorting network,2055274200
40,72,openmp sorting network,1079200
40,72,sequential sorting network,1063800
40,72,std::sort,483500
50,72,own sorting network,3090401900
50,72,openmp sorting network,1613800
50,72,sequential sorting network,1585900
50,72,std::sort,772500
60,72,own sorting network,4326436600
60,72,openmp sorting network,2237500
60,72,sequential sorting network,2216100
60,72,std::sort,1046900
70,72,own sorting network,5758893900
70,72,openmp sorting network,2993900
70,72,sequential sorting network,2971500
70,72,std::sort,1397500
80,72,own sorting network,7403686400
80,72,openmp sorting network,3874800
80,72,sequential sorting network,3850400
80,72,std::sort,1784200
90,72,own sorting network,9296117300
90,72,openmp sorting network,4851500
90,72,sequential sorting network,4815500
90,72,std::sort,2213200
100,72,own sorting network,11380443500
100,72,openmp sorting network,5961300
100,72,sequential sorting network,5932500
100,72,std::sort,2691400
10,80,own sorting network,227218200
10,80,openmp sorting network,127900
10,80,sequential sorting network,124200
10,80,std::sort,54500
20,80,own sorting network,690274200
20,80,openmp sorting network,370300
20,80,sequential sorting network,365000
20,80,std::sort,171600
30,80,own sorting network,1369629600
30,80,openmp sorting network,743500
30,80,sequential sorting network,749000
30,80,std::sort,342700
40,80,own sorting network,2283445200
40,80,openmp sorting network,1235900
40,80,sequential sorting network,1282700
40,80,std::sort,561700
50,80,own sorting network,3436664800
50,80,openmp sorting network,1851800
50,80,sequential sorting network,1926900
50,80,std::sort,910700
60,80,own sorting network,4814422600
60,80,openmp sorting network,2598800
60,80,sequential sorting network,2665000
60,80,std::sort,1239300
70,80,own sorting network,6410210400
70,80,openmp sorting network,3415900
70,80,sequential sorting network,3499100
70,80,std::sort,1605500
80,80,own sorting network,8155087100
80,80,openmp sorting network,4322900
80,80,sequential sorting network,4525600
80,80,std::sort,2003900
90,80,own sorting network,10080166400
90,80,openmp sorting network,5373000
90,80,sequential sorting network,5601900
90,80,std::sort,2483200
100,80,own sorting network,12421814400
100,80,openmp sorting network,6605900
100,80,sequential sorting network,6768800
100,80,std::sort,3011600
10,88,own sorting network,265974400
10,88,openmp sorting network,132700
10,88,sequential sorting network,129800
10,88,std::sort,58100
20,88,own sorting network,788156300
20,88,openmp sorting network,390000
20,88,sequential sorting network,392000
20,88,std::sort,172400
30,88,own sorting network,1559547200
30,88,openmp sorting network,813200
30,88,sequential sorting network,783900
30,88,std::sort,374500
40,88,own sorting network,2605552600
40,88,openmp sorting network,1367300
40,88,sequential sorting network,1323100
40,88,std::sort,624700
50,88,own sorting network,3902143000
50,88,openmp sorting network,2009500
50,88,sequential sorting network,1972200
50,88,std::sort,906200
60,88,own sorting network,5443758400
60,88,openmp sorting network,2776200
60,88,sequential sorting network,2739200
60,88,std::sort,1251600
70,88,own sorting network,7214197800
70,88,openmp sorting network,3693800
70,88,sequential sorting network,3655400
70,88,std::sort,1693200
80,88,own sorting network,9257345200
80,88,openmp sorting network,4732300
80,88,sequential sorting network,4672000
80,88,std::sort,2165300
90,88,own sorting network,11542251800
90,88,openmp sorting network,5876300
90,88,sequential sorting network,5818800
90,88,std::sort,2679700
100,88,own sorting network,14067397900
100,88,openmp sorting network,7217400
100,88,sequential sorting network,7176800
100,88,std::sort,3274500
10,96,own sorting network,280193600
10,96,openmp sorting network,157300
10,96,sequential sorting network,145300
10,96,std::sort,66300
20,96,own sorting network,829648900
20,96,openmp sorting network,456100
20,96,sequential sorting network,440200
20,96,std::sort,210500
30,96,own sorting network,1657198400
30,96,openmp sorting network,897900
30,96,sequential sorting network,871600
30,96,std::sort,411800
40,96,own sorting network,2753224700
40,96,openmp sorting network,1462600
40,96,sequential sorting network,1437100
40,96,std::sort,663100
50,96,own sorting network,4124847000
50,96,openmp sorting network,2172400
50,96,sequential sorting network,2163300
50,96,std::sort,977700
60,96,own sorting network,5768996800
60,96,openmp sorting network,3024300
60,96,sequential sorting network,3015800
60,96,std::sort,1402900
70,96,own sorting network,7674104800
70,96,openmp sorting network,3999900
70,96,sequential sorting network,4045100
70,96,std::sort,1843300
80,96,own sorting network,9744066700
80,96,openmp sorting network,5157700
80,96,sequential sorting network,5196000
80,96,std::sort,2366300
90,96,own sorting network,12148340800
90,96,openmp sorting network,6442700
90,96,sequential sorting network,6512700
90,96,std::sort,2942200
100,96,own sorting network,14697194300
100,96,openmp sorting network,7828900
100,96,sequential sorting network,7982800
100,96,std::sort,3573300
10,104,own sorting network,270529800
10,104,openmp sorting network,161700
10,104,sequential sorting network,164500
10,104,std::sort,70700
20,104,own sorting network,815599400
20,104,openmp sorting network,474000
20,104,sequential sorting network,473500
20,104,std::sort,209400
30,104,own sorting network,1611622100
30,104,openmp sorting network,962900
30,104,sequential sorting network,948500
30,104,std::sort,443000
40,104,own sorting network,2663573400
40,104,openmp sorting network,1591200
40,104,sequential sorting network,1576700
40,104,std::sort,730100
50,104,own sorting network,4018601700
50,104,openmp sorting network,2390800
50,104,sequential sorting network,2348900
50,104,std::sort,1075100
60,104,own sorting network,5608000000
60,104,openmp sorting network,3340600
60,104,sequential sorting network,3296300
60,104,std::sort,1544400
70,104,own sorting network,7500108700
70,104,openmp sorting network,4415900
70,104,sequential sorting network,4391600
70,104,std::sort,2023600
80,104,own sorting network,9698053200
80,104,openmp sorting network,5641900
80,104,sequential sorting network,5645900
80,104,std::sort,2571300
90,104,own sorting network,12163049700
90,104,openmp sorting network,7133100
90,104,sequential sorting network,7132900
90,104,std::sort,3231400
100,104,own sorting network,14907714400
100,104,openmp sorting network,8669600
100,104,sequential sorting network,8673900
100,104,std::sort,3950000
10,112,own sorting network,284247300
10,112,openmp sorting network,177600
10,112,sequential sorting network,175700
10,112,std::sort,78700
20,112,own sorting network,840128500
20,112,openmp sorting network,522600
20,112,sequential sorting network,528400
20,112,std::sort,233700
30,112,own sorting network,1689374300
30,112,openmp sorting network,1037100
30,112,sequential sorting network,1031300
30,112,std::sort,467600
40,112,own sorting network,2753984800
40,112,openmp sorting network,1768400
40,112,sequential sorting network,1754500
40,112,std::sort,802600
50,112,own sorting network,4153799900
50,112,openmp sorting network,2607900
50,112,sequential sorting network,2600700
50,112,std::sort,1176400
60,112,own sorting network,5825229400
60,112,openmp sorting network,3635700
60,112,sequential sorting network,3606300
60,112,std::sort,1632200
70,112,own sorting network,7786819500
70,112,openmp sorting network,4808000
70,112,sequential sorting network,4781900
70,112,std::sort,2160700
80,112,own sorting network,9991514800
80,112,openmp sorting network,6153600
80,112,sequential sorting network,6111400
80,112,std::sort,2767300
90,112,own sorting network,12463167800
90,112,openmp sorting network,7671500
90,112,sequential sorting network,7615100
90,112,std::sort,3447700
100,112,own sorting network,15227034600
100,112,openmp sorting network,9385100
100,112,sequential sorting network,9372000
100,112,std::sort,4226300
10,120,own sorting network,297284600
10,120,openmp sorting network,198300
10,120,sequential sorting network,188400
10,120,std::sort,85900
20,120,own sorting network,893897600
20,120,openmp sorting network,566400
20,120,sequential sorting network,551800
20,120,std::sort,248900
30,120,own sorting network,1784839000
30,120,openmp sorting network,1139400
30,120,sequential sorting network,1104600
30,120,std::sort,493200
40,120,own sorting network,2949019200
40,120,openmp sorting network,1869200
40,120,sequential sorting network,1845400
40,120,std::sort,849500
50,120,own sorting network,4400228400
50,120,openmp sorting network,2779700
50,120,sequential sorting network,2756800
50,120,std::sort,1256900
60,120,own sorting network,6138363000
60,120,openmp sorting network,3865200
60,120,sequential sorting network,3847900
60,120,std::sort,1753500
70,120,own sorting network,8174649000
70,120,openmp sorting network,5127100
70,120,sequential sorting network,5134700
70,120,std::sort,2324900
80,120,own sorting network,10530572100
80,120,openmp sorting network,6570800
80,120,sequential sorting network,6577800
80,120,std::sort,2982500
90,120,own sorting network,13158025200
90,120,openmp sorting network,8187200
90,120,sequential sorting network,8209600
90,120,std::sort,3744300
100,120,own sorting network,16014791100
100,120,openmp sorting network,10218200
100,120,sequential sorting network,10238300
100,120,std::sort,4654400
10,128,own sorting network,304793600
10,128,openmp sorting network,300100
10,128,sequential sorting network,240800
10,128,std::sort,100300
20,128,own sorting network,943708100
20,128,openmp sorting network,746200
20,128,sequential sorting network,675700
20,128,std::sort,307700
30,128,own sorting network,1892197600
30,128,openmp sorting network,1345600
30,128,sequential sorting network,1263600
30,128,std::sort,582100
40,128,own sorting network,3129095000
40,128,openmp sorting network,2151300
40,128,sequential sorting network,2054000
40,128,std::sort,933800
50,128,own sorting network,4657574500
50,128,openmp sorting network,3135700
50,128,sequential sorting network,3038000
50,128,std::sort,1371500
60,128,own sorting network,6469047300
60,128,openmp sorting network,4307800
60,128,sequential sorting network,4212800
60,128,std::sort,1909800
70,128,own sorting network,8510443800
70,128,openmp sorting network,5682100
70,128,sequential sorting network,5590900
70,128,std::sort,2533600
80,128,own sorting network,10947015700
80,128,openmp sorting network,7375000
80,128,sequential sorting network,7277400
80,128,std::sort,3323400
90,128,own sorting network,13656926800
90,128,openmp sorting network,9135100
90,128,sequential sorting network,9053400
90,128,std::sort,4116000
100,128,own sorting network,16927694000
100,128,openmp sorting network,11168800
100,128,sequential sorting network,11049000
100,128,std::sort,4998300
10,136,own sorting network,475096500
10,136,openmp sorting network,238300
10,136,sequential sorting network,237100
10,136,std::sort,94000
20,136,own sorting network,1424690700
20,136,openmp sorting network,719800
20,136,sequential sorting network,724000
20,136,std::sort,284100
30,136,own sorting network,2804060800
30,136,openmp sorting network,1495700
30,136,sequential sorting network,1496700
30,136,std::sort,592500
40,136,own sorting network,4676873900
40,136,openmp sorting network,2491600
40,136,sequential sorting network,2466800
40,136,std::sort,982500
50,136,own sorting network,7064559300
50,136,openmp sorting network,3956200
50,136,sequential sorting network,3675600
50,136,std::sort,1467500
60,136,own sorting network,9658915400
60,136,openmp sorting network,5410600
60,136,sequential sorting network,5114300
60,136,std::sort,2034600
70,136,own sorting network,12595608200
70,136,openmp sorting network,7129500
70,136,sequential sorting network,6830800
70,136,std::sort,2727500
80,136,own sorting network,15917797700
80,136,openmp sorting network,9077700
80,136,sequential sorting network,8763100
80,136,std::sort,3493400
90,136,own sorting network,19606242700
90,136,openmp sorting network,11277400
90,136,sequential sorting network,10874500
90,136,std::sort,4323300
100,136,own sorting network,23684270100
100,136,openmp sorting network,13812000
100,136,sequential sorting network,13438200
100,136,std::sort,5300000
10,144,own sorting network,429774000
10,144,openmp sorting network,263300
10,144,sequential sorting network,270100
10,144,std::sort,103100
20,144,own sorting network,1269202300
20,144,openmp sorting network,772700
20,144,sequential sorting network,786800
20,144,std::sort,305900
30,144,own sorting network,2560606200
30,144,openmp sorting network,1540600
30,144,sequential sorting network,1549900
30,144,std::sort,607200
40,144,own sorting network,4259304600
40,144,openmp sorting network,2596600
40,144,sequential sorting network,2600700
40,144,std::sort,1027400
50,144,own sorting network,6418520200
50,144,openmp sorting network,3901600
50,144,sequential sorting network,3919200
50,144,std::sort,1532200
60,144,own sorting network,8933888600
60,144,openmp sorting network,5433000
60,144,sequential sorting network,5475400
60,144,std::sort,2145300
70,144,own sorting network,11933436100
70,144,openmp sorting network,7222200
70,144,sequential sorting network,7259100
70,144,std::sort,2856700
80,144,own sorting network,15275158000
80,144,openmp sorting network,9283300
80,144,sequential sorting network,9295100
80,144,std::sort,3670900
90,144,own sorting network,19178526800
90,144,openmp sorting network,11632400
90,144,sequential sorting network,11651300
90,144,std::sort,4605700
100,144,own sorting network,23389205800
100,144,openmp sorting network,14207200
100,144,sequential sorting network,14206800
100,144,std::sort,5742000
10,152,own sorting network,465509100
10,152,openmp sorting network,281000
10,152,sequential sorting network,275200
10,152,std::sort,108700
20,152,own sorting network,1396509500
20,152,openmp sorting network,840300
20,152,sequential sorting network,831500
20,152,std::sort,331700
30,152,own sorting network,2723626800
30,152,openmp sorting network,1679700
30,152,sequential sorting network,1686000
30,152,std::sort,661900
40,152,own sorting network,4536547600
40,152,openmp sorting network,2786200
40,152,sequential sorting network,2765100
40,152,std::sort,1099300
50,152,own sorting network,6692746000
50,152,openmp sorting network,4200800
50,152,sequential sorting network,4126200
50,152,std::sort,1637700
60,152,own sorting network,9341302000
60,152,openmp sorting network,5793000
60,152,sequential sorting network,5713800
60,152,std::sort,2271000
70,152,own sorting network,12377289300
70,152,openmp sorting network,7685300
70,152,sequential sorting network,7564900
70,152,std::sort,3028200
80,152,own sorting network,16286842800
80,152,openmp sorting network,9858200
80,152,sequential sorting network,9739000
80,152,std::sort,3904400
90,152,own sorting network,20610366700
90,152,openmp sorting network,12325400
90,152,sequential sorting network,12175800
90,152,std::sort,4875100
100,152,own sorting network,25611405300
100,152,openmp sorting network,15124800
100,152,sequential sorting network,15000300
100,152,std::sort,5969400
10,160,own sorting network,520631500
10,160,openmp sorting network,284600
10,160,sequential sorting network,279800
10,160,std::sort,112800
20,160,own sorting network,1575379800
20,160,openmp sorting network,865000
20,160,sequential sorting network,855300
20,160,std::sort,342700
30,160,own sorting network,3108338000
30,160,openmp sorting network,1772300
30,160,sequential sorting network,1758600
30,160,std::sort,701800
40,160,own sorting network,5206097000
40,160,openmp sorting network,2950000
40,160,sequential sorting network,2922900
40,160,std::sort,1203500
50,160,own sorting network,7785783400
50,160,openmp sorting network,4409800
50,160,sequential sorting network,4373800
50,160,std::sort,1817600
60,160,own sorting network,10991161000
60,160,openmp sorting network,6190500
60,160,sequential sorting network,6172700
60,160,std::sort,2522400
70,160,own sorting network,14705301500
70,160,openmp sorting network,8204700
70,160,sequential sorting network,8155900
70,160,std::sort,3351300
80,160,own sorting network,18957889700
80,160,openmp sorting network,10475700
80,160,sequential sorting network,10448100
80,160,std::sort,4267700
90,160,own sorting network,23684896000
90,160,openmp sorting network,13055500
90,160,sequential sorting network,13012100
90,160,std::sort,5296700
100,160,own sorting network,28856236700
100,160,openmp sorting network,15924100
100,160,sequential sorting network,15848700
100,160,std::sort,6440600
10,168,own sorting network,545415900
10,168,openmp sorting network,321500
10,168,sequential sorting network,307200
10,168,std::sort,123500
20,168,own sorting network,1565469700
20,168,openmp sorting network,930200
20,168,sequential sorting network,909500
20,168,std::sort,375700
30,168,own sorting network,3225476000
30,168,openmp sorting network,1875100
30,168,sequential sorting network,1841200
30,168,std::sort,759100
40,168,own sorting network,5345968100
40,168,openmp sorting network,3120200
40,168,sequential sorting network,3079300
40,168,std::sort,1239600
50,168,own sorting network,8001355000
50,168,openmp sorting network,4675700
50,168,sequential sorting network,4619600
50,168,std::sort,1843300
60,168,own sorting network,11184844600
60,168,openmp sorting network,6522000
60,168,sequential sorting network,6461700
60,168,std::sort,2572500
70,168,own sorting network,14964954300
70,168,openmp sorting network,8786400
70,168,sequential sorting network,8590100
70,168,std::sort,3425400
80,168,own sorting network,19355421600
80,168,openmp sorting network,11255400
80,168,sequential sorting network,11008300
80,168,std::sort,4415900
90,168,own sorting network,24358931600
90,168,openmp sorting network,13921400
90,168,sequential sorting network,13758900
90,168,std::sort,5481000
100,168,own sorting network,29840646700
100,168,openmp sorting network,17029800
100,168,sequential sorting network,16862400
100,168,std::sort,6830500
10,176,own sorting network,585135800
10,176,openmp sorting network,323900
10,176,sequential sorting network,317700
10,176,std::sort,129000
20,176,own sorting network,1739538300
20,176,openmp sorting network,975200
20,176,sequential sorting network,980400
20,176,std::sort,385000
30,176,own sorting network,3478079500
30,176,openmp sorting network,1960900
30,176,sequential sorting network,1935300
30,176,std::sort,775300
40,176,own sorting network,5798674800
40,176,openmp sorting network,3255800
40,176,sequential sorting network,3212700
40,176,std::sort,1296600
50,176,own sorting network,8695678800
50,176,openmp sorting network,4812000
50,176,sequential sorting network,4768900
50,176,std::sort,1917200
60,176,own sorting network,12252297200
60,176,openmp sorting network,6722300
60,176,sequential sorting network,6674900
60,176,std::sort,2685400
70,176,own sorting network,16298705500
70,176,openmp sorting network,8997900
70,176,sequential sorting network,8986400
70,176,std::sort,3607400
80,176,own sorting network,20922009300
80,176,openmp sorting network,11560400
80,176,sequential sorting network,11558500
80,176,std::sort,4631600
90,176,own sorting network,25936154200
90,176,openmp sorting network,14502000
90,176,sequential sorting network,14482500
90,176,std::sort,5814200
100,176,own sorting network,30895606600
100,176,openmp sorting network,17858600
100,176,sequential sorting network,17935200
100,176,std::sort,7158200
10,184,own sorting network,490509300
10,184,openmp sorting network,359800
10,184,sequential sorting network,364800
10,184,std::sort,138200
20,184,own sorting network,1599813600
20,184,openmp sorting network,1044800
20,184,sequential sorting network,1049000
20,184,std::sort,443700
30,184,own sorting network,3232076100
30,184,openmp sorting network,2075200
30,184,sequential sorting network,2078400
30,184,std::sort,854900
40,184,own sorting network,5312386900
40,184,openmp sorting network,3450400
40,184,sequential sorting network,3414000
40,184,std::sort,1399100
50,184,own sorting network,7726355600
50,184,openmp sorting network,5345900
50,184,sequential sorting network,5091800
50,184,std::sort,2069700
60,184,own sorting network,10697103500
60,184,openmp sorting network,7305400
60,184,sequential sorting network,7031500
60,184,std::sort,2856700
70,184,own sorting network,14148782300
70,184,openmp sorting network,9583000
70,184,sequential sorting network,9327500
70,184,std::sort,3777300
80,184,own sorting network,18311021500
80,184,openmp sorting network,12250700
80,184,sequential sorting network,12034900
80,184,std::sort,4860100
90,184,own sorting network,23025885100
90,184,openmp sorting network,15217200
90,184,sequential sorting network,14951900
90,184,std::sort,6045500
100,184,own sorting network,28222358300
100,184,openmp sorting network,18659200
100,184,sequential sorting network,18390700
100,184,std::sort,7460600
10,192,own sorting network,513320200
10,192,openmp sorting network,384000
10,192,sequential sorting network,396200
10,192,std::sort,158500
20,192,own sorting network,1564546600
20,192,openmp sorting network,1120700
20,192,sequential sorting network,1112600
20,192,std::sort,447900
30,192,own sorting network,3167579000
30,192,openmp sorting network,2165000
30,192,sequential sorting network,2178600
30,192,std::sort,879600
40,192,own sorting network,4820521200
40,192,openmp sorting network,3921900
40,192,sequential sorting network,3859700
40,192,std::sort,1561200
50,192,own sorting network,7071595900
50,192,openmp sorting network,5805000
50,192,sequential sorting network,5747500
50,192,std::sort,2324900
60,192,own sorting network,10194786200
60,192,openmp sorting network,7929600
60,192,sequential sorting network,7849500
60,192,std::sort,3167800
70,192,own sorting network,13888440200
70,192,openmp sorting network,10479700
70,192,sequential sorting network,10345000
70,192,std::sort,4180000
80,192,own sorting network,18032240100
80,192,openmp sorting network,13369300
80,192,sequential sorting network,13221900
80,192,std::sort,5339800
90,192,own sorting network,23217450800
90,192,openmp sorting network,16582500
90,192,sequential sorting network,16480100
90,192,std::sort,6679200
100,192,own sorting network,29439017400
100,192,openmp sorting network,20114800
100,192,sequential sorting network,19964000
100,192,std::sort,8133500
10,200,own sorting network,625855600
10,200,openmp sorting network,385600
10,200,sequential sorting network,372100
10,200,std::sort,148200
20,200,own sorting network,1912194300
20,200,openmp sorting network,1134700
20,200,sequential sorting network,1119300
20,200,std::sort,446200
30,200,own sorting network,3841239500
30,200,openmp sorting network,2347100
30,200,sequential sorting network,2218700
30,200,std::sort,891200
40,200,own sorting network,6427013100
40,200,openmp sorting network,3827400
40,200,sequential sorting network,3697700
40,200,std::sort,1490300
50,200,own sorting network,9381104800
50,200,openmp sorting network,6520100
50,200,sequential sorting network,5789800
50,200,std::sort,2273500
60,200,own sorting network,12551263900
60,200,openmp sorting network,8716700
60,200,sequential sorting network,8009200
60,200,std::sort,3170100
70,200,own sorting network,16023794400
70,200,openmp sorting network,11316000
70,200,sequential sorting network,10617300
70,200,std::sort,4210100
80,200,own sorting network,20441100000
80,200,openmp sorting network,14273300
80,200,sequential sorting network,13559900
80,200,std::sort,5400900
90,200,own sorting network,25349624100
90,200,openmp sorting network,17609800
90,200,sequential sorting network,16912300
90,200,std::sort,6868500
100,200,own sorting network,30731125800
100,200,openmp sorting network,21315100
100,200,sequential sorting network,20635700
100,200,std::sort,8356000
10,208,own sorting network,543516400
10,208,openmp sorting network,398700
10,208,sequential sorting network,386400
10,208,std::sort,156100
20,208,own sorting network,1605944400
20,208,openmp sorting network,1220200
20,208,sequential sorting network,1183800
20,208,std::sort,474800
30,208,own sorting network,3324048300
30,208,openmp sorting network,2381300
30,208,sequential sorting network,2343800
30,208,std::sort,937500
40,208,own sorting network,5897919300
40,208,openmp sorting network,3952500
40,208,sequential sorting network,3911400
40,208,std::sort,1640100
50,208,own sorting network,8903803800
50,208,openmp sorting network,5954300
50,208,sequential sorting network,5890800
50,208,std::sort,2438200
60,208,own sorting network,12766332400
60,208,openmp sorting network,8267200
60,208,sequential sorting network,8293400
60,208,std::sort,3371200
70,208,own sorting network,17269587500
70,208,openmp sorting network,10956300
70,208,sequential sorting network,11056300
70,208,std::sort,4453200
80,208,own sorting network,22516961800
80,208,openmp sorting network,14103300
80,208,sequential sorting network,14200200
80,208,std::sort,5718700
90,208,own sorting network,28336120100
90,208,openmp sorting network,17581200
90,208,sequential sorting network,17775700
90,208,std::sort,7121400
100,208,own sorting network,34691077600
100,208,openmp sorting network,21518500
100,208,sequential sorting network,21743700
100,208,std::sort,8710700
10,216,own sorting network,533170600
10,216,openmp sorting network,416700
10,216,sequential sorting network,400200
10,216,std::sort,172800
20,216,own sorting network,1581284500
20,216,openmp sorting network,1228900
20,216,sequential sorting network,1218200
20,216,std::sort,529700
30,216,own sorting network,3203219800
30,216,openmp sorting network,2492800
30,216,sequential sorting network,2437700
30,216,std::sort,1030000
40,216,own sorting network,5300884800
40,216,openmp sorting network,4093200
40,216,sequential sorting network,4038700
40,216,std::sort,1726000
50,216,own sorting network,7960478100
50,216,openmp sorting network,6194100
50,216,sequential sorting network,6150500
50,216,std::sort,2603900
60,216,own sorting network,11160395100
60,216,openmp sorting network,8603100
60,216,sequential sorting network,8558000
60,216,std::sort,3577400
70,216,own sorting network,14549260700
70,216,openmp sorting network,11712400
70,216,sequential sorting network,11715000
70,216,std::sort,4850000
80,216,own sorting network,18976270900
80,216,openmp sorting network,14902600
80,216,sequential sorting network,14912600
80,216,std::sort,6149300
90,216,own sorting network,24721539500
90,216,openmp sorting network,18482600
90,216,sequential sorting network,18528300
90,216,std::sort,7609600
100,216,own sorting network,31434789700
100,216,openmp sorting network,22617800
100,216,sequential sorting network,22552000
100,216,std::sort,9228700
10,224,own sorting network,559006600
10,224,openmp sorting network,552800
10,224,sequential sorting network,450800
10,224,std::sort,201900
20,224,own sorting network,1945626100
20,224,openmp sorting network,1362800
20,224,sequential sorting network,1273100
20,224,std::sort,528600
30,224,own sorting network,4000848500
30,224,openmp sorting network,2649500
30,224,sequential sorting network,2602800
30,224,std::sort,1043300
40,224,own sorting network,6831003600
40,224,openmp sorting network,4303900
40,224,sequential sorting network,4304700
40,224,std::sort,1751900
50,224,own sorting network,10119553800
50,224,openmp sorting network,6459400
50,224,sequential sorting network,6449400
50,224,std::sort,2618600
60,224,own sorting network,13947970500
60,224,openmp sorting network,8942600
60,224,sequential sorting network,9152500
60,224,std::sort,3636000
70,224,own sorting network,18805022700
70,224,openmp sorting network,11939000
70,224,sequential sorting network,12061200
70,224,std::sort,4816500
80,224,own sorting network,24400145600
80,224,openmp sorting network,15292000
80,224,sequential sorting network,15435400
80,224,std::sort,6181300
90,224,own sorting network,30294107800
90,224,openmp sorting network,19042500
90,224,sequential sorting network,19190700
90,224,std::sort,7719500
100,224,own sorting network,36768600500
100,224,openmp sorting network,23418600
100,224,sequential sorting network,23465700
100,224,std::sort,9472100
10,232,own sorting network,663920500
10,232,openmp sorting network,451900
10,232,sequential sorting network,455900
10,232,std::sort,182400
20,232,own sorting network,2069710400
20,232,openmp sorting network,1327300
20,232,sequential sorting network,1304000
20,232,std::sort,522700
30,232,own sorting network,4049220400
30,232,openmp sorting network,3171300
30,232,sequential sorting network,3170700
30,232,std::sort,1350100
40,232,own sorting network,6982949800
40,232,openmp sorting network,5628800
40,232,sequential sorting network,5628400
40,232,std::sort,2239700
50,232,own sorting network,10562976400
50,232,openmp sorting network,7871600
50,232,sequential sorting network,7886200
50,232,std::sort,3145200
60,232,own sorting network,14893305100
60,232,openmp sorting network,10399100
60,232,sequential sorting network,10378800
60,232,std::sort,4157900
70,232,own sorting network,19836170000
70,232,openmp sorting network,13392800
70,232,sequential sorting network,13335900
70,232,std::sort,5358400
80,232,own sorting network,25548578600
80,232,openmp sorting network,16779600
80,232,sequential sorting network,16711700
80,232,std::sort,6753700
90,232,own sorting network,31983565900
90,232,openmp sorting network,20605800
90,232,sequential sorting network,20567000
90,232,std::sort,8298800
100,232,own sorting network,39039260700
100,232,openmp sorting network,24911500
100,232,sequential sorting network,24824000
100,232,std::sort,10019900
10,240,own sorting network,735920700
10,240,openmp sorting network,445500
10,240,sequential sorting network,447400
10,240,std::sort,179300
20,240,own sorting network,2203086500
20,240,openmp sorting network,1351100
20,240,sequential sorting network,1328400
20,240,std::sort,537200
30,240,own sorting network,4036011900
30,240,openmp sorting network,2699500
30,240,sequential sorting network,2739700
30,240,std::sort,1095000
40,240,own sorting network,6486134900
40,240,openmp sorting network,4467000
40,240,sequential sorting network,4480400
40,240,std::sort,1803200
50,240,own sorting network,9522547400
50,240,openmp sorting network,6655900
50,240,sequential sorting network,6716000
50,240,std::sort,2690200
60,240,own sorting network,13055312600
60,240,openmp sorting network,9337100
60,240,sequential sorting network,9434600
60,240,std::sort,3803800
70,240,own sorting network,17053841200
70,240,openmp sorting network,12478700
70,240,sequential sorting network,12645300
70,240,std::sort,5102400
80,240,own sorting network,21716828800
80,240,openmp sorting network,16099300
80,240,sequential sorting network,16245700
80,240,std::sort,6570400
90,240,own sorting network,26958604300
90,240,openmp sorting network,20166100
90,240,sequential sorting network,20335800
90,240,std::sort,8181500
100,240,own sorting network,32550263000
100,240,openmp sorting network,24642200
100,240,sequential sorting network,24860800
100,240,std::sort,9975100
10,248,own sorting network,570078300
10,248,openmp sorting network,487100
10,248,sequential sorting network,471900
10,248,std::sort,190200
20,248,own sorting network,1779629800
20,248,openmp sorting network,1462900
20,248,sequential sorting network,1436300
20,248,std::sort,578300
30,248,own sorting network,3627277700
30,248,openmp sorting network,2880300
30,248,sequential sorting network,2867400
30,248,std::sort,1152100
40,248,own sorting network,5969711900
40,248,openmp sorting network,4750800
40,248,sequential sorting network,4751100
40,248,std::sort,1910800
50,248,own sorting network,8499527400
50,248,openmp sorting network,7227500
50,248,sequential sorting network,7218800
50,248,std::sort,2911400
60,248,own sorting network,11257007900
60,248,openmp sorting network,10378800
60,248,sequential sorting network,10572200
60,248,std::sort,4172000
70,248,own sorting network,14708851000
70,248,openmp sorting network,13804300
70,248,sequential sorting network,14137900
70,248,std::sort,5531800
80,248,own sorting network,18858664600
80,248,openmp sorting network,17647000
80,248,sequential sorting network,18042300
80,248,std::sort,7089400
90,248,own sorting network,24000895000
90,248,openmp sorting network,22071300
90,248,sequential sorting network,22382200
90,248,std::sort,8835800
100,248,own sorting network,29288939700
100,248,openmp sorting network,27178900
100,248,sequential sorting network,27493000
100,248,std::sort,10902300
10,256,own sorting network,583874300
10,256,openmp sorting network,494100
10,256,sequential sorting network,499800
10,256,std::sort,199400
20,256,own sorting network,1626342900
20,256,openmp sorting network,1530100
20,256,sequential sorting network,1541600
20,256,std::sort,614600
30,256,own sorting network,3179461500
30,256,openmp sorting network,3141400
30,256,sequential sorting network,3061800
30,256,std::sort,1226600
40,256,own sorting network,5074486500
40,256,openmp sorting network,5445900
40,256,sequential sorting network,5293300
40,256,std::sort,2130700
50,256,own sorting network,7570529200
50,256,openmp sorting network,8086600
50,256,sequential sorting network,7925100
50,256,std::sort,3226500
60,256,own sorting network,10654213700
60,256,openmp sorting network,11770600
60,256,sequential sorting network,10979600
60,256,std::sort,4488800
70,256,own sorting network,14292824300
70,256,openmp sorting network,15458900
70,256,sequential sorting network,14681200
70,256,std::sort,6006800
80,256,own sorting network,17803742000
80,256,openmp sorting network,19832500
80,256,sequential sorting network,19407700
80,256,std::sort,7760200
90,256,own sorting network,22311192600
90,256,openmp sorting network,24492100
90,256,sequential sorting network,24039000
90,256,std::sort,9613000
100,256,own sorting network,28066660600
100,256,openmp sorting network,29262800
100,256,sequential sorting network,28790600
100,256,std::sort,11483800
10,8,own sorting network,5153700
10,8,openmp sorting network,4300
10,8,sequential sorting network,4100
10,8,std::sort,2800
20,8,own sorting network,15317300
20,8,openmp sorting network,11400
20,8,sequential sorting network,11200
20,8,std::sort,7700
30,8,own sorting network,30802100
30,8,openmp sorting network,21900
30,8,sequential sorting network,21200
30,8,std::sort,16100
40,8,own sorting network,51116900
40,8,openmp sorting network,35400
40,8,sequential sorting network,34700
40,8,std::sort,26300
50,8,own sorting network,76611900
50,8,openmp sorting network,51900
50,8,sequential sorting network,51200
50,8,std::sort,38500
60,8,own sorting network,107413600
60,8,openmp sorting network,71500
60,8,sequential sorting network,71200
60,8,std::sort,53600
70,8,own sorting network,144082200
70,8,openmp sorting network,94800
70,8,sequential sorting network,94500
70,8,std::sort,69800
80,8,own sorting network,185184100
80,8,openmp sorting network,120800
80,8,sequential sorting network,119900
80,8,std::sort,88000
90,8,own sorting network,231330900
90,8,openmp sorting network,149400
90,8,sequential sorting network,149700
90,8,std::sort,109800
100,8,own sorting network,283028300
100,8,openmp sorting network,182400
100,8,sequential sorting network,181700
100,8,std::sort,133200
10,16,own sorting network,17115900
10,16,openmp sorting network,11400
10,16,sequential sorting network,11400
10,16,std::sort,6200
20,16,own sorting network,51137000
20,16,openmp sorting network,32000
20,16,sequential sorting network,33000
20,16,std::sort,17600
30,16,own sorting network,101415900
30,16,openmp sorting network,63300
30,16,sequential sorting network,63900
30,16,std::sort,35000
40,16,own sorting network,169705900
40,16,openmp sorting network,104200
40,16,sequential sorting network,104600
40,16,std::sort,58200
50,16,own sorting network,255741900
50,16,openmp sorting network,155300
50,16,sequential sorting network,154900
50,16,std::sort,87200
60,16,own sorting network,363158400
60,16,openmp sorting network,215600
60,16,sequential sorting network,221900
60,16,std::sort,122000
70,16,own sorting network,483865800
70,16,openmp sorting network,284500
70,16,sequential sorting network,290900
70,16,std::sort,160800
80,16,own sorting network,619797100
80,16,openmp sorting network,363200
80,16,sequential sorting network,369700
80,16,std::sort,205400
90,16,own sorting network,774805600
90,16,openmp sorting network,454200
90,16,sequential sorting network,460500
90,16,std::sort,257100
100,16,own sorting network,946388600
100,16,openmp sorting network,552300
100,16,sequential sorting network,558400
100,16,std::sort,312100
10,24,own sorting network,37239200
10,24,openmp sorting network,22300
10,24,sequential sorting network,20500
10,24,std::sort,12300
20,24,own sorting network,111949500
20,24,openmp sorting network,62400
20,24,sequential sorting network,59800
20,24,std::sort,34700
30,24,own sorting network,225425500
30,24,openmp sorting network,123800
30,24,sequential sorting network,120200
30,24,std::sort,69500
40,24,own sorting network,379437600
40,24,openmp sorting network,204600
40,24,sequential sorting network,200500
40,24,std::sort,116300
50,24,own sorting network,572329900
50,24,openmp sorting network,304000
50,24,sequential sorting network,299300
50,24,std::sort,173400
60,24,own sorting network,799414700
60,24,openmp sorting network,418600
60,24,sequential sorting network,414200
60,24,std::sort,239100
70,24,own sorting network,1065250600
70,24,openmp sorting network,551700
70,24,sequential sorting network,546600
70,24,std::sort,316000
80,24,own sorting network,1372618800
80,24,openmp sorting network,705400
80,24,sequential sorting network,707100
80,24,std::sort,406100
90,24,own sorting network,1718523400
90,24,openmp sorting network,874200
90,24,sequential sorting network,876600
90,24,std::sort,504800
100,24,own sorting network,2096003200
100,24,openmp sorting network,1063000
100,24,sequential sorting network,1064300
100,24,std::sort,613400
10,32,own sorting network,49316400
10,32,openmp sorting network,30200
10,32,sequential sorting network,29400
10,32,std::sort,17600
20,32,own sorting network,147059700
20,32,openmp sorting network,85900
20,32,sequential sorting network,85300
20,32,std::sort,50500
30,32,own sorting network,296740100
30,32,openmp sorting network,170500
30,32,sequential sorting network,171700
30,32,std::sort,99100
40,32,own sorting network,500103500
40,32,openmp sorting network,281900
40,32,sequential sorting network,283600
40,32,std::sort,164600
50,32,own sorting network,750839200
50,32,openmp sorting network,417700
50,32,sequential sorting network,420600
50,32,std::sort,251800
60,32,own sorting network,1048819900
60,32,openmp sorting network,580400
60,32,sequential sorting network,582800
60,32,std::sort,347200
70,32,own sorting network,1400722800
70,32,openmp sorting network,773500
70,32,sequential sorting network,776000
70,32,std::sort,469100
80,32,own sorting network,1800910400
80,32,openmp sorting network,994200
80,32,sequential sorting network,1004600
80,32,std::sort,599100
90,32,own sorting network,2253305800
90,32,openmp sorting network,1239000
90,32,sequential sorting network,1257500
90,32,std::sort,744600
100,32,own sorting network,2754709300
100,32,openmp sorting network,1542700
100,32,sequential sorting network,1533000
100,32,std::sort,904900
10,40,own sorting network,86891000
10,40,openmp sorting network,47400
10,40,sequential sorting network,46200
10,40,std::sort,29900
20,40,own sorting network,254902200
20,40,openmp sorting network,135900
20,40,sequential sorting network,133500
20,40,std::sort,73800
30,40,own sorting network,508844400
30,40,openmp sorting network,274400
30,40,sequential sorting network,263200
30,40,std::sort,138100
40,40,own sorting network,851151600
40,40,openmp sorting network,445800
40,40,sequential sorting network,445600
40,40,std::sort,224900
50,40,own sorting network,1281426800
50,40,openmp sorting network,664500
50,40,sequential sorting network,660800
50,40,std::sort,338900
60,40,own sorting network,1808711800
60,40,openmp sorting network,921600
60,40,sequential sorting network,924700
60,40,std::sort,467400
70,40,own sorting network,2426709200
70,40,openmp sorting network,1225600
70,40,sequential sorting network,1220400
70,40,std::sort,616300
80,40,own sorting network,3139864000
80,40,openmp sorting network,1572400
80,40,sequential sorting network,1579000
80,40,std::sort,790200
90,40,own sorting network,3946917500
90,40,openmp sorting network,1970700
90,40,sequential sorting network,1964300
90,40,std::sort,990800
100,40,own sorting network,4848818900
100,40,openmp sorting network,2453900
100,40,sequential sorting network,2409700
100,40,std::sort,1213500
10,48,own sorting network,109844000
10,48,openmp sorting network,59600
10,48,sequential sorting network,57200
10,48,std::sort,29100
20,48,own sorting network,324055800
20,48,openmp sorting network,169500
20,48,sequential sorting network,165800
20,48,std::sort,84600
30,48,own sorting network,645915800
30,48,openmp sorting network,335200
30,48,sequential sorting network,329800
30,48,std::sort,167600
40,48,own sorting network,1069799200
40,48,openmp sorting network,565500
40,48,sequential sorting network,545900
40,48,std::sort,278500
50,48,own sorting network,1591795400
50,48,openmp sorting network,830100
50,48,sequential sorting network,806900
50,48,std::sort,414800
60,48,own sorting network,2217827800
60,48,openmp sorting network,1147900
60,48,sequential sorting network,1142200
60,48,std::sort,574700
70,48,own sorting network,2948251600
70,48,openmp sorting network,1535200
70,48,sequential sorting network,1521500
70,48,std::sort,772800
80,48,own sorting network,3783726100
80,48,openmp sorting network,1962200
80,48,sequential sorting network,1951800
80,48,std::sort,991500
90,48,own sorting network,4720291900
90,48,openmp sorting network,2454300
90,48,sequential sorting network,2433100
90,48,std::sort,1241900
100,48,own sorting network,5761150500
100,48,openmp sorting network,3019000
100,48,sequential sorting network,2971000
100,48,std::sort,1512900
10,56,own sorting network,118385700
10,56,openmp sorting network,69700
10,56,sequential sorting network,68000
10,56,std::sort,34600
20,56,own sorting network,356265600
20,56,openmp sorting network,211400
20,56,sequential sorting network,200000
20,56,std::sort,101400
30,56,own sorting network,714337700
30,56,openmp sorting network,417500
30,56,sequential sorting network,396000
30,56,std::sort,201500
40,56,own sorting network,1200295300
40,56,openmp sorting network,697600
40,56,sequential sorting network,660800
40,56,std::sort,338200
50,56,own sorting network,1804225700
50,56,openmp sorting network,1020700
50,56,sequential sorting network,983300
50,56,std::sort,502100
60,56,own sorting network,2528652300
60,56,openmp sorting network,1435900
60,56,sequential sorting network,1378800
60,56,std::sort,701400
70,56,own sorting network,3364183600
70,56,openmp sorting network,1926200
70,56,sequential sorting network,1831000
70,56,std::sort,938400
80,56,own sorting network,4307445200
80,56,openmp sorting network,2463800
80,56,sequential sorting network,2392600
80,56,std::sort,1207200
90,56,own sorting network,5412975700
90,56,openmp sorting network,3073900
90,56,sequential sorting network,3000700
90,56,std::sort,1511700
100,56,own sorting network,6651004600
100,56,openmp sorting network,3716100
100,56,sequential sorting network,3653100
100,56,std::sort,1848200
10,64,own sorting network,141338300
10,64,openmp sorting network,82500
10,64,sequential sorting network,79800
10,64,std::sort,39800
20,64,own sorting network,420937100
20,64,openmp sorting network,247200
20,64,sequential sorting network,240400
20,64,std::sort,120500
30,64,own sorting network,854069700
30,64,openmp sorting network,492700
30,64,sequential sorting network,472800
30,64,std::sort,237300
40,64,own sorting network,1418954700
40,64,openmp sorting network,815900
40,64,sequential sorting network,780300
40,64,std::sort,402600
50,64,own sorting network,2129013300
50,64,openmp sorting network,1207900
50,64,sequential sorting network,1171700
50,64,std::sort,596500
60,64,own sorting network,2977000900
60,64,openmp sorting network,1676200
60,64,sequential sorting network,1636200
60,64,std::sort,828700
70,64,own sorting network,3954823500
70,64,openmp sorting network,2244300
70,64,sequential sorting network,2169400
70,64,std::sort,1108200
80,64,own sorting network,5059344800
80,64,openmp sorting network,2892300
80,64,sequential sorting network,2780400
80,64,std::sort,1424400
90,64,own sorting network,6313913400
90,64,openmp sorting network,3592100
90,64,sequential sorting network,3470100
90,64,std::sort,1778700
100,64,own sorting network,7713632700
100,64,openmp sorting network,4362600
100,64,sequential sorting network,4276900
100,64,std::sort,2172000
10,72,own sorting network,209953200
10,72,openmp sorting network,109200
10,72,sequential sorting network,105800
10,72,std::sort,46500
20,72,own sorting network,606963300
20,72,openmp sorting network,319300
20,72,sequential sorting network,319800
20,72,std::sort,138200
30,72,own sorting network,1192429900
30,72,openmp sorting network,625500
30,72,sequential sorting network,624300
30,72,std::sort,274300
40,72,own sorting network,1977122100
40,72,openmp sorting network,1044900
40,72,sequential sorting network,1031700
40,72,std::sort,461800
50,72,own sorting network,3030374100
50,72,openmp sorting network,1574500
50,72,sequential sorting network,1549500
50,72,std::sort,690100
60,72,own sorting network,4288787400
60,72,openmp sorting network,2180700
60,72,sequential sorting network,2188700
60,72,std::sort,959900
70,72,own sorting network,5741849700
70,72,openmp sorting network,2901300
70,72,sequential sorting network,2914000
70,72,std::sort,1270300
80,72,own sorting network,7407892600
80,72,openmp sorting network,3719200
80,72,sequential sorting network,3753800
80,72,std::sort,1626400
90,72,own sorting network,9277226400
90,72,openmp sorting network,4658300
90,72,sequential sorting network,4703700
90,72,std::sort,2041100
100,72,own sorting network,11248243700
100,72,openmp sorting network,5675900
100,72,sequential sorting network,5742000
100,72,std::sort,2484700
10,80,own sorting network,215015300
10,80,openmp sorting network,120200
10,80,sequential sorting network,117300
10,80,std::sort,53200
20,80,own sorting network,637506000
20,80,openmp sorting network,360900
20,80,sequential sorting network,355400
20,80,std::sort,165000
30,80,own sorting network,1272366000
30,80,openmp sorting network,713300
30,80,sequential sorting network,717100
30,80,std::sort,320500
40,80,own sorting network,2145927900
40,80,openmp sorting network,1165200
40,80,sequential sorting network,1238300
40,80,std::sort,524300
50,80,own sorting network,3313616800
50,80,openmp sorting network,1732000
50,80,sequential sorting network,1833200
50,80,std::sort,777200
60,80,own sorting network,4695805800
60,80,openmp sorting network,2469000
60,80,sequential sorting network,2524800
60,80,std::sort,1085300
70,80,own sorting network,6293528700
70,80,openmp sorting network,3277800
70,80,sequential sorting network,3338700
70,80,std::sort,1438500
80,80,own sorting network,8102422500
80,80,openmp sorting network,4243800
80,80,sequential sorting network,4342000
80,80,std::sort,1861900
90,80,own sorting network,10164740400
90,80,openmp sorting network,5284600
90,80,sequential sorting network,5384600
90,80,std::sort,2314900
100,80,own sorting network,12488660600
100,80,openmp sorting network,6427500
100,80,sequential sorting network,6533500
100,80,std::sort,2829900
10,88,own sorting network,260255400
10,88,openmp sorting network,131700
10,88,sequential sorting network,129400
10,88,std::sort,93100
20,88,own sorting network,778882600
20,88,openmp sorting network,393100
20,88,sequential sorting network,385100
20,88,std::sort,207000
30,88,own sorting network,1530214400
30,88,openmp sorting network,801300
30,88,sequential sorting network,778400
30,88,std::sort,376100
40,88,own sorting network,2546851100
40,88,openmp sorting network,1311800
40,88,sequential sorting network,1303000
40,88,std::sort,604300
50,88,own sorting network,3823299700
50,88,openmp sorting network,1966700
50,88,sequential sorting network,1942300
50,88,std::sort,886100
60,88,own sorting network,5329833500
60,88,openmp sorting network,2731200
60,88,sequential sorting network,2865700
60,88,std::sort,1232800
70,88,own sorting network,7097585900
70,88,openmp sorting network,3822700
70,88,sequential sorting network,3816700
70,88,std::sort,1648200
80,88,own sorting network,9104435600
80,88,openmp sorting network,4830200
80,88,sequential sorting network,4820000
80,88,std::sort,2088700
90,88,own sorting network,11363691200
90,88,openmp sorting network,5974700
90,88,sequential sorting network,6036200
90,88,std::sort,2598000
100,88,own sorting network,13882591100
100,88,openmp sorting network,7246800
100,88,sequential sorting network,7325300
100,88,std::sort,3193300
10,96,own sorting network,278847500
10,96,openmp sorting network,149400
10,96,sequential sorting network,147200
10,96,std::sort,65600
20,96,own sorting network,828743400
20,96,openmp sorting network,431600
20,96,sequential sorting network,436100
20,96,std::sort,191800
30,96,own sorting network,1639753500
30,96,openmp sorting network,1044800
30,96,sequential sorting network,870800
30,96,std::sort,382000
40,96,own sorting network,2728289100
40,96,openmp sorting network,1598300
40,96,sequential sorting network,1422700
40,96,std::sort,629900
50,96,own sorting network,4031851700
50,96,openmp sorting network,2287000
50,96,sequential sorting network,2108500
50,96,std::sort,936700
60,96,own sorting network,5639534500
60,96,openmp sorting network,3120800
60,96,sequential sorting network,2942200
60,96,std::sort,1320800
70,96,own sorting network,7560345900
70,96,openmp sorting network,4126900
70,96,sequential sorting network,3924900
70,96,std::sort,1768300
80,96,own sorting network,9698735200
80,96,openmp sorting network,5285700
80,96,sequential sorting network,5080400
80,96,std::sort,2267000
90,96,own sorting network,12095594800
90,96,openmp sorting network,6723500
90,96,sequential sorting network,6325800
90,96,std::sort,2823500
100,96,own sorting network,14658449100
100,96,openmp sorting network,8163400
100,96,sequential sorting network,7749700
100,96,std::sort,3455700
10,104,own sorting network,264305300
10,104,openmp sorting network,176200
10,104,sequential sorting network,161400
10,104,std::sort,73100
20,104,own sorting network,795175700
20,104,openmp sorting network,510800
20,104,sequential sorting network,491800
20,104,std::sort,224500
30,104,own sorting network,1602938700
30,104,openmp sorting network,960500
30,104,sequential sorting network,950200
30,104,std::sort,427800
40,104,own sorting network,2681195800
40,104,openmp sorting network,1580300
40,104,sequential sorting network,1567500
40,104,std::sort,704200
50,104,own sorting network,4039763500
50,104,openmp sorting network,2354600
50,104,sequential sorting network,2361500
50,104,std::sort,1051400
60,104,own sorting network,5638294500
60,104,openmp sorting network,3301600
60,104,sequential sorting network,3286200
60,104,std::sort,1471000
70,104,own sorting network,7505195700
70,104,openmp sorting network,4379300
70,104,sequential sorting network,4364600
70,104,std::sort,1965800
80,104,own sorting network,9654508000
80,104,openmp sorting network,5646200
80,104,sequential sorting network,5635800
80,104,std::sort,2529900
90,104,own sorting network,12098688800
90,104,openmp sorting network,7014800
90,104,sequential sorting network,7016500
90,104,std::sort,3155300
100,104,own sorting network,14770122800
100,104,openmp sorting network,8547800
100,104,sequential sorting network,8569500
100,104,std::sort,3883600
10,112,own sorting network,281667500
10,112,openmp sorting network,168700
10,112,sequential sorting network,190900
10,112,std::sort,75400
20,112,own sorting network,846269600
20,112,openmp sorting network,502500
20,112,sequential sorting network,524000
20,112,std::sort,224100
30,112,own sorting network,1706852300
30,112,openmp sorting network,994400
30,112,sequential sorting network,1023600
30,112,std::sort,444600
40,112,own sorting network,2835731200
40,112,openmp sorting network,1680900
40,112,sequential sorting network,1741200
40,112,std::sort,763700
50,112,own sorting network,4270892000
50,112,openmp sorting network,2509600
50,112,sequential sorting network,2553900
50,112,std::sort,1136900
60,112,own sorting network,5975095000
60,112,openmp sorting network,3490500
60,112,sequential sorting network,3533000
60,112,std::sort,1577500
70,112,own sorting network,7955460100
70,112,openmp sorting network,4687900
70,112,sequential sorting network,4731500
70,112,std::sort,2112900
80,112,own sorting network,10373451700
80,112,openmp sorting network,6025500
80,112,sequential sorting network,6109100
80,112,std::sort,2715600
90,112,own sorting network,13056944300
90,112,openmp sorting network,7550200
90,112,sequential sorting network,7615000
90,112,std::sort,3384900
100,112,own sorting network,16213073700
100,112,openmp sorting network,9260900
100,112,sequential sorting network,9351800
100,112,std::sort,4166000
10,120,own sorting network,335120500
10,120,openmp sorting network,189500
10,120,sequential sorting network,187600
10,120,std::sort,84400
20,120,own sorting network,1008853700
20,120,openmp sorting network,564000
20,120,sequential sorting network,569000
20,120,std::sort,274300
30,120,own sorting network,2003712700
30,120,openmp sorting network,1113300
30,120,sequential sorting network,1119500
30,120,std::sort,518100
40,120,own sorting network,3338711700
40,120,openmp sorting network,1862000
40,120,sequential sorting network,1843200
40,120,std::sort,852800
50,120,own sorting network,4966237600
50,120,openmp sorting network,2817300
50,120,sequential sorting network,2805300
50,120,std::sort,1281600
60,120,own sorting network,6942522400
60,120,openmp sorting network,3931000
60,120,sequential sorting network,3893600
60,120,std::sort,1771100
70,120,own sorting network,9240575000
70,120,openmp sorting network,5309900
70,120,sequential sorting network,5236700
70,120,std::sort,2385000
80,120,own sorting network,11861664100
80,120,openmp sorting network,6756500
80,120,sequential sorting network,6774300
80,120,std::sort,3075400
90,120,own sorting network,14839906900
90,120,openmp sorting network,8473100
90,120,sequential sorting network,8443700
90,120,std::sort,3840900
100,120,own sorting network,18156114800
100,120,openmp sorting network,10282900
100,120,sequential sorting network,10274900
100,120,std::sort,4665400
10,128,own sorting network,339959800
10,128,openmp sorting network,220600
10,128,sequential sorting network,207400
10,128,std::sort,91500
20,128,own sorting network,1047978300
20,128,openmp sorting network,659800
20,128,sequential sorting network,607100
20,128,std::sort,267800
30,128,own sorting network,2057027000
30,128,openmp sorting network,1261100
30,128,sequential sorting network,1219900
30,128,std::sort,540400
40,128,own sorting network,3463419800
40,128,openmp sorting network,2052200
40,128,sequential sorting network,2054400
40,128,std::sort,890200
50,128,own sorting network,5232767700
50,128,openmp sorting network,3033900
50,128,sequential sorting network,3033900
50,128,std::sort,1329200
60,128,own sorting network,7349047300
60,128,openmp sorting network,4222400
60,128,sequential sorting network,4212400
60,128,std::sort,1950300
70,128,own sorting network,9774353700
70,128,openmp sorting network,5619000
70,128,sequential sorting network,5612700
70,128,std::sort,2563100
80,128,own sorting network,12525449000
80,128,openmp sorting network,7276300
80,128,sequential sorting network,7261200
80,128,std::sort,3320800
90,128,own sorting network,15658384100
90,128,openmp sorting network,9028600
90,128,sequential sorting network,8978700
90,128,std::sort,4103100
100,128,own sorting network,19148257000
100,128,openmp sorting network,10954900
100,128,sequential sorting network,10910500
100,128,std::sort,4968000
10,136,own sorting network,479930600
10,136,openmp sorting network,250900
10,136,sequential sorting network,259500
10,136,std::sort,92300
20,136,own sorting network,1399489000
20,136,openmp sorting network,753800
20,136,sequential sorting network,752600
20,136,std::sort,294600
30,136,own sorting network,2670226200
30,136,openmp sorting network,1523400
30,136,sequential sorting network,1668300
30,136,std::sort,595800
40,136,own sorting network,4398929900
40,136,openmp sorting network,2464900
40,136,sequential sorting network,2611300
40,136,std::sort,965300
50,136,own sorting network,6515733800
50,136,openmp sorting network,3671800
50,136,sequential sorting network,3807900
50,136,std::sort,1438200
60,136,own sorting network,8963708000
60,136,openmp sorting network,5121400
60,136,sequential sorting network,5246600
60,136,std::sort,2002900
70,136,own sorting network,11824212600
70,136,openmp sorting network,7034000
70,136,sequential sorting network,7140400
70,136,std::sort,2752100
80,136,own sorting network,15232746900
80,136,openmp sorting network,8997300
80,136,sequential sorting network,9055700
80,136,std::sort,3513200
90,136,own sorting network,18915076500
90,136,openmp sorting network,11264000
90,136,sequential sorting network,11325200
90,136,std::sort,4405400
100,136,own sorting network,23121248700
100,136,openmp sorting network,13601900
100,136,sequential sorting network,13704900
100,136,std::sort,5366300
10,144,own sorting network,448346400
10,144,openmp sorting network,269200
10,144,sequential sorting network,258900
10,144,std::sort,102200
20,144,own sorting network,1295882300
20,144,openmp sorting network,788600
20,144,sequential sorting network,775400
20,144,std::sort,303600
30,144,own sorting network,2580890900
30,144,openmp sorting network,1555000
30,144,sequential sorting network,1592000
30,144,std::sort,615000
40,144,own sorting network,4270498600
40,144,openmp sorting network,2552800
40,144,sequential sorting network,2592800
40,144,std::sort,1010100
50,144,own sorting network,6396472000
50,144,openmp sorting network,3792200
50,144,sequential sorting network,3830700
50,144,std::sort,1501900
60,144,own sorting network,8879099500
60,144,openmp sorting network,5377400
60,144,sequential sorting network,5368800
60,144,std::sort,2106400
70,144,own sorting network,12124984200
70,144,openmp sorting network,7177100
70,144,sequential sorting network,7194300
70,144,std::sort,2838900
80,144,own sorting network,16035133700
80,144,openmp sorting network,9218400
80,144,sequential sorting network,9201400
80,144,std::sort,3655300
90,144,own sorting network,20377227600
90,144,openmp sorting network,11451200
90,144,sequential sorting network,11444600
90,144,std::sort,4543400
100,144,own sorting network,25095688100
100,144,openmp sorting network,14010700
100,144,sequential sorting network,13937600
100,144,std::sort,5532100
10,152,own sorting network,518929000
10,152,openmp sorting network,271800
10,152,sequential sorting network,266600
10,152,std::sort,106800
20,152,own sorting network,1504251900
20,152,openmp sorting network,814800
20,152,sequential sorting network,793500
20,152,std::sort,350400
30,152,own sorting network,3014353800
30,152,openmp sorting network,1622800
30,152,sequential sorting network,1581800
30,152,std::sort,663900
40,152,own sorting network,5034923300
40,152,openmp sorting network,2744200
40,152,sequential sorting network,2644300
40,152,std::sort,1082500
50,152,own sorting network,7540785100
50,152,openmp sorting network,4099600
50,152,sequential sorting network,3982600
50,152,std::sort,1605800
60,152,own sorting network,10453940900
60,152,openmp sorting network,5833300
60,152,sequential sorting network,5657600
60,152,std::sort,2265500
70,152,own sorting network,13914256600
70,152,openmp sorting network,7687300
70,152,sequential sorting network,7517100
70,152,std::sort,2998100
80,152,own sorting network,17838364700
80,152,openmp sorting network,9808500
80,152,sequential sorting network,9628600
80,152,std::sort,3845900
90,152,own sorting network,22305835600
90,152,openmp sorting network,12148900
90,152,sequential sorting network,12030800
90,152,std::sort,4782600
100,152,own sorting network,27266645600
100,152,openmp sorting network,14738900
100,152,sequential sorting network,14647000
100,152,std::sort,5813100
10,160,own sorting network,532892000
10,160,openmp sorting network,286400
10,160,sequential sorting network,289800
10,160,std::sort,112500
20,160,own sorting network,1610420900
20,160,openmp sorting network,874100
20,160,sequential sorting network,869600
20,160,std::sort,342100
30,160,own sorting network,3132947900
30,160,openmp sorting network,2170500
30,160,sequential sorting network,2190300
30,160,std::sort,787800
40,160,own sorting network,5181127800
40,160,openmp sorting network,3324600
40,160,sequential sorting network,3322500
40,160,std::sort,1242700
50,160,own sorting network,7602707600
50,160,openmp sorting network,4745100
50,160,sequential sorting network,4757100
50,160,std::sort,1820100
60,160,own sorting network,10841917700
60,160,openmp sorting network,6850500
60,160,sequential sorting network,6523900
60,160,std::sort,2520400
70,160,own sorting network,14698695200
70,160,openmp sorting network,8852900
70,160,sequential sorting network,8520600
70,160,std::sort,3325900
80,160,own sorting network,19048664700
80,160,openmp sorting network,11180200
80,160,sequential sorting network,10888800
80,160,std::sort,4271300
90,160,own sorting network,23591007500
90,160,openmp sorting network,13772900
90,160,sequential sorting network,13510900
90,160,std::sort,5300600
100,160,own sorting network,28762065500
100,160,openmp sorting network,16657900
100,160,sequential sorting network,16353000
100,160,std::sort,6463100
10,168,own sorting network,569358200
10,168,openmp sorting network,311300
10,168,sequential sorting network,299800
10,168,std::sort,122100
20,168,own sorting network,1718331200
20,168,openmp sorting network,927900
20,168,sequential sorting network,912500
20,168,std::sort,365900
30,168,own sorting network,3406538500
30,168,openmp sorting network,1875900
30,168,sequential sorting network,1846300
30,168,std::sort,737600
40,168,own sorting network,5545973800
40,168,openmp sorting network,3099900
40,168,sequential sorting network,3054800
40,168,std::sort,1223000
50,168,own sorting network,8265418000
50,168,openmp sorting network,4653300
50,168,sequential sorting network,4598400
50,168,std::sort,1862800
60,168,own sorting network,11633657900
60,168,openmp sorting network,6491400
60,168,sequential sorting network,6403700
60,168,std::sort,2585100
70,168,own sorting network,15613945200
70,168,openmp sorting network,8654300
70,168,sequential sorting network,8571900
70,168,std::sort,3490400
80,168,own sorting network,20084326100
80,168,openmp sorting network,11112900
80,168,sequential sorting network,11026000
80,168,std::sort,4453900
90,168,own sorting network,25088872600
90,168,openmp sorting network,13862700
90,168,sequential sorting network,13757200
90,168,std::sort,5543000
100,168,own sorting network,30586253900
100,168,openmp sorting network,16902500
100,168,sequential sorting network,16783200
100,168,std::sort,6758700
10,176,own sorting network,577634700
10,176,openmp sorting network,324900
10,176,sequential sorting network,320100
10,176,std::sort,129200
20,176,own sorting network,1744358200
20,176,openmp sorting network,962400
20,176,sequential sorting network,952000
20,176,std::sort,393900
30,176,own sorting network,3410995700
30,176,openmp sorting network,1971600
30,176,sequential sorting network,1960800
30,176,std::sort,829100
40,176,own sorting network,5613944900
40,176,openmp sorting network,3242600
40,176,sequential sorting network,3254600
40,176,std::sort,1337200
50,176,own sorting network,8022648400
50,176,openmp sorting network,5119700
50,176,sequential sorting network,5972900
50,176,std::sort,2049700
60,176,own sorting network,11195769400
60,176,openmp sorting network,7065200
60,176,sequential sorting network,7883800
60,176,std::sort,2815900
70,176,own sorting network,15151460200
70,176,openmp sorting network,9283800
70,176,sequential sorting network,10127200
70,176,std::sort,3709400
80,176,own sorting network,19860369000
80,176,openmp sorting network,11861700
80,176,sequential sorting network,12712900
80,176,std::sort,4739600
90,176,own sorting network,25060305000
90,176,openmp sorting network,14787600
90,176,sequential sorting network,15640600
90,176,std::sort,5929500
100,176,own sorting network,30822424000
100,176,openmp sorting network,17991200
100,176,sequential sorting network,18807600
100,176,std::sort,7223000
10,184,own sorting network,614137400
10,184,openmp sorting network,342000
10,184,sequential sorting network,352200
10,184,std::sort,137000
20,184,own sorting network,1741488700
20,184,openmp sorting network,1031600
20,184,sequential sorting network,1015900
20,184,std::sort,408000
30,184,own sorting network,3498545200
30,184,openmp sorting network,2074700
30,184,sequential sorting network,2055700
30,184,std::sort,818000
40,184,own sorting network,5803759200
40,184,openmp sorting network,3405500
40,184,sequential sorting network,3407800
40,184,std::sort,1354000
50,184,own sorting network,8732103100
50,184,openmp sorting network,5085700
50,184,sequential sorting network,5067500
50,184,std::sort,2030700
60,184,own sorting network,12339097000
60,184,openmp sorting network,7088300
60,184,sequential sorting network,7030900
60,184,std::sort,2822800
70,184,own sorting network,16448578200
70,184,openmp sorting network,9429700
70,184,sequential sorting network,9361500
70,184,std::sort,3770000
80,184,own sorting network,21274776100
80,184,openmp sorting network,12141100
80,184,sequential sorting network,12065400
80,184,std::sort,4863500
90,184,own sorting network,26618349400
90,184,openmp sorting network,15050200
90,184,sequential sorting network,14988600
90,184,std::sort,6043600
100,184,own sorting network,32430192400
100,184,openmp sorting network,18605900
100,184,sequential sorting network,18526900
100,184,std::sort,7522600
10,192,own sorting network,580815000
10,192,openmp sorting network,346800
10,192,sequential sorting network,352600
10,192,std::sort,139300
20,192,own sorting network,1695765300
20,192,openmp sorting network,1044800
20,192,sequential sorting network,1055100
20,192,std::sort,421400
30,192,own sorting network,3563926200
30,192,openmp sorting network,2095800
30,192,sequential sorting network,2096900
30,192,std::sort,834800
40,192,own sorting network,6032740200
40,192,openmp sorting network,3489300
40,192,sequential sorting network,3458300
40,192,std::sort,1382700
50,192,own sorting network,9089148800
50,192,openmp sorting network,5232600
50,192,sequential sorting network,5211300
50,192,std::sort,2085600
60,192,own sorting network,12839433900
60,192,openmp sorting network,7312700
60,192,sequential sorting network,7309600
60,192,std::sort,2920600
70,192,own sorting network,16932329400
70,192,openmp sorting network,9755000
70,192,sequential sorting network,9774100
70,192,std::sort,3936100
80,192,own sorting network,21768419500
80,192,openmp sorting network,12707700
80,192,sequential sorting network,12719800
80,192,std::sort,5127200
90,192,own sorting network,27189910600
90,192,openmp sorting network,15876200
90,192,sequential sorting network,15876700
90,192,std::sort,6409600
100,192,own sorting network,33318847500
100,192,openmp sorting network,19375000
100,192,sequential sorting network,19394700
100,192,std::sort,7932400
10,200,own sorting network,644825000
10,200,openmp sorting network,400300
10,200,sequential sorting network,382700
10,200,std::sort,152600
20,200,own sorting network,1961184900
20,200,openmp sorting network,1144500
20,200,sequential sorting network,1114200
20,200,std::sort,457900
30,200,own sorting network,3873784600
30,200,openmp sorting network,2327200
30,200,sequential sorting network,2281800
30,200,std::sort,923400
40,200,own sorting network,6463829400
40,200,openmp sorting network,3818100
40,200,sequential sorting network,3747700
40,200,std::sort,1527000
50,200,own sorting network,9666259600
50,200,openmp sorting network,5663300
50,200,sequential sorting network,5606800
50,200,std::sort,2263000
60,200,own sorting network,13503400700
60,200,openmp sorting network,7854100
60,200,sequential sorting network,7758100
60,200,std::sort,3252000
70,200,own sorting network,17908194900
70,200,openmp sorting network,10459400
70,200,sequential sorting network,10348600
70,200,std::sort,4294100
80,200,own sorting network,21981630100
80,200,openmp sorting network,13452500
80,200,sequential sorting network,13305200
80,200,std::sort,5480600
90,200,own sorting network,26628714600
90,200,openmp sorting network,16998300
90,200,sequential sorting network,16828000
90,200,std::sort,6892900
100,200,own sorting network,31723342900
100,200,openmp sorting network,20714400
100,200,sequential sorting network,20519800
100,200,std::sort,8394200
10,208,own sorting network,540997300
10,208,openmp sorting network,395000
10,208,sequential sorting network,383600
10,208,std::sort,155700
20,208,own sorting network,1583243100
20,208,openmp sorting network,1167600
20,208,sequential sorting network,1160600
20,208,std::sort,473200
30,208,own sorting network,3116850700
30,208,openmp sorting network,2330300
30,208,sequential sorting network,2323000
30,208,std::sort,933900
40,208,own sorting network,5174826600
40,208,openmp sorting network,3863800
40,208,sequential sorting network,3915100
40,208,std::sort,1558500
50,208,own sorting network,7890843100
50,208,openmp sorting network,5918900
50,208,sequential sorting network,5965100
50,208,std::sort,2357100
60,208,own sorting network,11830350300
60,208,openmp sorting network,8262500
60,208,sequential sorting network,8225300
60,208,std::sort,3268400
70,208,own sorting network,16490553400
70,208,openmp sorting network,10946300
70,208,sequential sorting network,10866000
70,208,std::sort,4325800
80,208,own sorting network,21670656700
80,208,openmp sorting network,14035900
80,208,sequential sorting network,13997000
80,208,std::sort,5558800
90,208,own sorting network,27359802400
90,208,openmp sorting network,17489700
90,208,sequential sorting network,17470900
90,208,std::sort,6968800
100,208,own sorting network,33739735100
100,208,openmp sorting network,21317000
100,208,sequential sorting network,21315000
100,208,std::sort,8546000
10,216,own sorting network,670403700
10,216,openmp sorting network,416800
10,216,sequential sorting network,401600
10,216,std::sort,163700
20,216,own sorting network,1979640700
20,216,openmp sorting network,1241700
20,216,sequential sorting network,1204600
20,216,std::sort,485800
30,216,own sorting network,3795810400
30,216,openmp sorting network,2516500
30,216,sequential sorting network,2442200
30,216,std::sort,994500
40,216,own sorting network,6173720800
40,216,openmp sorting network,4111200
40,216,sequential sorting network,4034200
40,216,std::sort,1647000
50,216,own sorting network,9500671600
50,216,openmp sorting network,6114800
50,216,sequential sorting network,6044900
50,216,std::sort,3000900
60,216,own sorting network,13504824400
60,216,openmp sorting network,8507200
60,216,sequential sorting network,8470900
60,216,std::sort,3975700
70,216,own sorting network,18148812300
70,216,openmp sorting network,11302500
70,216,sequential sorting network,11289500
70,216,std::sort,5109900
80,216,own sorting network,23425111900
80,216,openmp sorting network,14497000
80,216,sequential sorting network,14510200
80,216,std::sort,6402100
90,216,own sorting network,29537895700
90,216,openmp sorting network,18111900
90,216,sequential sorting network,18114600
90,216,std::sort,8047300
100,216,own sorting network,36133393400
100,216,openmp sorting network,22017300
100,216,sequential sorting network,22043600
100,216,std::sort,9630800
10,224,own sorting network,657452200
10,224,openmp sorting network,444500
10,224,sequential sorting network,465000
10,224,std::sort,173800
20,224,own sorting network,2070080400
20,224,openmp sorting network,1255100
20,224,sequential sorting network,1276100
20,224,std::sort,513100
30,224,own sorting network,4185738500
30,224,openmp sorting network,2506800
30,224,sequential sorting network,2539500
30,224,std::sort,1011200
40,224,own sorting network,6982506700
40,224,openmp sorting network,4178200
40,224,sequential sorting network,4215600
40,224,std::sort,1713700
50,224,own sorting network,10546775200
50,224,openmp sorting network,6269600
50,224,sequential sorting network,6302000
50,224,std::sort,2600500
60,224,own sorting network,14831200500
60,224,openmp sorting network,8783200
60,224,sequential sorting network,8810100
60,224,std::sort,3614100
70,224,own sorting network,19644843800
70,224,openmp sorting network,11687800
70,224,sequential sorting network,11901900
70,224,std::sort,4816600
80,224,own sorting network,25349915300
80,224,openmp sorting network,14964700
80,224,sequential sorting network,15155200
80,224,std::sort,6823400
90,224,own sorting network,31358689900
90,224,openmp sorting network,18833300
90,224,sequential sorting network,19027300
90,224,std::sort,8384400
100,224,own sorting network,38358126800
100,224,openmp sorting network,23003100
100,224,sequential sorting network,23270700
100,224,std::sort,10079100
10,232,own sorting network,697460600
10,232,openmp sorting network,467500
10,232,sequential sorting network,451200
10,232,std::sort,189800
20,232,own sorting network,2144149500
20,232,openmp sorting network,1463100
20,232,sequential sorting network,1582000
20,232,std::sort,572200
30,232,own sorting network,4306673200
30,232,openmp sorting network,2807400
30,232,sequential sorting network,2924100
30,232,std::sort,1122000
40,232,own sorting network,6894750200
40,232,openmp sorting network,4662200
40,232,sequential sorting network,4764100
40,232,std::sort,1865600
50,232,own sorting network,9905010400
50,232,openmp sorting network,6859700
50,232,sequential sorting network,6923800
50,232,std::sort,2879200
60,232,own sorting network,13183576300
60,232,openmp sorting network,9474000
60,232,sequential sorting network,9530800
60,232,std::sort,3936300
70,232,own sorting network,17197783700
70,232,openmp sorting network,12625800
70,232,sequential sorting network,12746800
70,232,std::sort,5195200
80,232,own sorting network,23049381700
80,232,openmp sorting network,16101300
80,232,sequential sorting network,16233900
80,232,std::sort,6602600
90,232,own sorting network,29596067100
90,232,openmp sorting network,19916100
90,232,sequential sorting network,20132200
90,232,std::sort,8149300
100,232,own sorting network,37060154400
100,232,openmp sorting network,24473800
100,232,sequential sorting network,24836100
100,232,std::sort,10092300
10,240,own sorting network,707147500
10,240,openmp sorting network,463100
10,240,sequential sorting network,473300
10,240,std::sort,187500
20,240,own sorting network,2230263000
20,240,openmp sorting network,1379200
20,240,sequential sorting network,1386500
20,240,std::sort,560400
30,240,own sorting network,4415143200
30,240,openmp sorting network,2721800
30,240,sequential sorting network,2803200
30,240,std::sort,1090100
40,240,own sorting network,7424893100
40,240,openmp sorting network,4563600
40,240,sequential sorting network,4617600
40,240,std::sort,1827400
50,240,own sorting network,11019925100
50,240,openmp sorting network,6821500
50,240,sequential sorting network,6861500
50,240,std::sort,2740700
60,240,own sorting network,15391867000
60,240,openmp sorting network,9599000
60,240,sequential sorting network,9663800
60,240,std::sort,3878900
70,240,own sorting network,20633032800
70,240,openmp sorting network,12728600
70,240,sequential sorting network,12840300
70,240,std::sort,5166600
80,240,own sorting network,26446037300
80,240,openmp sorting network,16316500
80,240,sequential sorting network,16472600
80,240,std::sort,6674400
90,240,own sorting network,32840712900
90,240,openmp sorting network,20397900
90,240,sequential sorting network,20580100
90,240,std::sort,8325800
100,240,own sorting network,39504451000
100,240,openmp sorting network,24972600
100,240,sequential sorting network,25094600
100,240,std::sort,10143100
10,248,own sorting network,823376500
10,248,openmp sorting network,573200
10,248,sequential sorting network,466700
10,248,std::sort,189500
20,248,own sorting network,2426491100
20,248,openmp sorting network,1512500
20,248,sequential sorting network,1403600
20,248,std::sort,568600
30,248,own sorting network,4677136200
30,248,openmp sorting network,3023700
30,248,sequential sorting network,2849800
30,248,std::sort,1135300
40,248,own sorting network,7374142500
40,248,openmp sorting network,4910800
40,248,sequential sorting network,4751100
40,248,std::sort,1914200
50,248,own sorting network,10216743400
50,248,openmp sorting network,7231900
50,248,sequential sorting network,7095900
50,248,std::sort,2862500
60,248,own sorting network,13997808500
60,248,openmp sorting network,10080200
60,248,sequential sorting network,9938200
60,248,std::sort,4002700
70,248,own sorting network,18452448700
70,248,openmp sorting network,13376400
70,248,sequential sorting network,13234500
70,248,std::sort,5325000
80,248,own sorting network,23630342800
80,248,openmp sorting network,17163100
80,248,sequential sorting network,17015200
80,248,std::sort,6871200
90,248,own sorting network,30576383500
90,248,openmp sorting network,21372300
90,248,sequential sorting network,21356900
90,248,std::sort,8603500
100,248,own sorting network,38121060500
100,248,openmp sorting network,26084600
100,248,sequential sorting network,26061400
100,248,std::sort,10508200
10,256,own sorting network,735980700
10,256,openmp sorting network,489600
10,256,sequential sorting network,508400
10,256,std::sort,198100
20,256,own sorting network,2258387200
20,256,openmp sorting network,1495600
20,256,sequential sorting network,1487600
20,256,std::sort,592000
30,256,own sorting network,4485626300
30,256,openmp sorting network,2953800
30,256,sequential sorting network,2969300
30,256,std::sort,1190100
40,256,own sorting network,7359773700
40,256,openmp sorting network,4960200
40,256,sequential sorting network,4978800
40,256,std::sort,2004000
50,256,own sorting network,10323170800
50,256,openmp sorting network,7389500
50,256,sequential sorting network,7410900
50,256,std::sort,3006400
60,256,own sorting network,13809874000
60,256,openmp sorting network,10549500
60,256,sequential sorting network,10649300
60,256,std::sort,4288300
70,256,own sorting network,18273764500
70,256,openmp sorting network,14049300
70,256,sequential sorting network,14181000
70,256,std::sort,5697700
80,256,own sorting network,23742624300
80,256,openmp sorting network,18395100
80,256,sequential sorting network,18611200
80,256,std::sort,7395900
90,256,own sorting network,29448619500
90,256,openmp sorting network,23576600
90,256,sequential sorting network,23789200
90,256,std::sort,9375000
100,256,own sorting network,35197445100
100,256,openmp sorting network,28610100
100,256,sequential sorting network,28765300
100,256,std::sort,11489900
10,8,own sorting network,5395700
10,8,openmp sorting network,4300
10,8,sequential sorting network,4400
10,8,std::sort,3600
20,8,own sorting network,16309600
20,8,openmp sorting network,13000
20,8,sequential sorting network,12600
20,8,std::sort,9500
30,8,own sorting network,33064700
30,8,openmp sorting network,24900
30,8,sequential sorting network,23400
30,8,std::sort,17900
40,8,own sorting network,55310200
40,8,openmp sorting network,39800
40,8,sequential sorting network,37500
40,8,std::sort,28500
50,8,own sorting network,83425500
50,8,openmp sorting network,58900
50,8,sequential sorting network,55100
50,8,std::sort,41400
60,8,own sorting network,118273800
60,8,openmp sorting network,81300
60,8,sequential sorting network,76300
60,8,std::sort,56400
70,8,own sorting network,158125300
70,8,openmp sorting network,106700
70,8,sequential sorting network,101600
70,8,std::sort,75000
80,8,own sorting network,202909000
80,8,openmp sorting network,135600
80,8,sequential sorting network,130100
80,8,std::sort,95800
90,8,own sorting network,252965000
90,8,openmp sorting network,166700
90,8,sequential sorting network,161700
90,8,std::sort,118100
100,8,own sorting network,306790100
100,8,openmp sorting network,200500
100,8,sequential sorting network,195700
100,8,std::sort,143200
10,16,own sorting network,17711400
10,16,openmp sorting network,12500
10,16,sequential sorting network,12400
10,16,std::sort,6600
20,16,own sorting network,53770200
20,16,openmp sorting network,35400
20,16,sequential sorting network,38100
20,16,std::sort,19400
30,16,own sorting network,109580000
30,16,openmp sorting network,68600
30,16,sequential sorting network,70700
30,16,std::sort,37600
40,16,own sorting network,182349700
40,16,openmp sorting network,112900
40,16,sequential sorting network,116700
40,16,std::sort,61900
50,16,own sorting network,274949800
50,16,openmp sorting network,167400
50,16,sequential sorting network,170500
50,16,std::sort,92700
60,16,own sorting network,383895300
60,16,openmp sorting network,232300
60,16,sequential sorting network,233900
60,16,std::sort,129200
70,16,own sorting network,511088100
70,16,openmp sorting network,304400
70,16,sequential sorting network,306200
70,16,std::sort,170600
80,16,own sorting network,659045600
80,16,openmp sorting network,388900
80,16,sequential sorting network,389700
80,16,std::sort,218400
90,16,own sorting network,824985500
90,16,openmp sorting network,482400
90,16,sequential sorting network,483300
90,16,std::sort,269900
100,16,own sorting network,1008323800
100,16,openmp sorting network,589400
100,16,sequential sorting network,589900
100,16,std::sort,328400
10,24,own sorting network,39213300
10,24,openmp sorting network,23500
10,24,sequential sorting network,21800
10,24,std::sort,12600
20,24,own sorting network,118318900
20,24,openmp sorting network,75900
20,24,sequential sorting network,63700
20,24,std::sort,38000
30,24,own sorting network,239725800
30,24,openmp sorting network,137600
30,24,sequential sorting network,125000
30,24,std::sort,73800
40,24,own sorting network,397737900
40,24,openmp sorting network,220000
40,24,sequential sorting network,206400
40,24,std::sort,120900
50,24,own sorting network,598087300
50,24,openmp sorting network,320800
50,24,sequential sorting network,306100
50,24,std::sort,178700
60,24,own sorting network,835557300
60,24,openmp sorting network,440200
60,24,sequential sorting network,425200
60,24,std::sort,248500
70,24,own sorting network,1117456400
70,24,openmp sorting network,582900
70,24,sequential sorting network,568700
70,24,std::sort,331500
80,24,own sorting network,1435596900
80,24,openmp sorting network,742100
80,24,sequential sorting network,736200
80,24,std::sort,422800
90,24,own sorting network,1811167100
90,24,openmp sorting network,934600
90,24,sequential sorting network,930100
90,24,std::sort,534900
100,24,own sorting network,2245026000
100,24,openmp sorting network,1148000
100,24,sequential sorting network,1132900
100,24,std::sort,652300
10,32,own sorting network,53630200
10,32,openmp sorting network,32200
10,32,sequential sorting network,31100
10,32,std::sort,18700
20,32,own sorting network,159258500
20,32,openmp sorting network,92000
20,32,sequential sorting network,90400
20,32,std::sort,53200
30,32,own sorting network,317692500
30,32,openmp sorting network,179200
30,32,sequential sorting network,177700
30,32,std::sort,103300
40,32,own sorting network,526956900
40,32,openmp sorting network,303700
40,32,sequential sorting network,292500
40,32,std::sort,170400
50,32,own sorting network,794834600
50,32,openmp sorting network,459300
50,32,sequential sorting network,439900
50,32,std::sort,256200
60,32,own sorting network,1118085700
60,32,openmp sorting network,635100
60,32,sequential sorting network,617700
60,32,std::sort,359400
70,32,own sorting network,1488534200
70,32,openmp sorting network,830400
70,32,sequential sorting network,814200
70,32,std::sort,475100
80,32,own sorting network,1910154800
80,32,openmp sorting network,1061600
80,32,sequential sorting network,1057100
80,32,std::sort,610100
90,32,own sorting network,2381146100
90,32,openmp sorting network,1314800
90,32,sequential sorting network,1311600
90,32,std::sort,759000
100,32,own sorting network,2908166200
100,32,openmp sorting network,1596400
100,32,sequential sorting network,1591700
100,32,std::sort,932500
10,40,own sorting network,90177200
10,40,openmp sorting network,48600
10,40,sequential sorting network,46500
10,40,std::sort,22600
20,40,own sorting network,270464000
20,40,openmp sorting network,140600
20,40,sequential sorting network,138200
20,40,std::sort,67300
30,40,own sorting network,542269300
30,40,openmp sorting network,289500
30,40,sequential sorting network,274300
30,40,std::sort,135500
40,40,own sorting network,908637500
40,40,openmp sorting network,469200
40,40,sequential sorting network,455200
40,40,std::sort,226600
50,40,own sorting network,1395507100
50,40,openmp sorting network,698400
50,40,sequential sorting network,684400
50,40,std::sort,342700
60,40,own sorting network,1956899100
60,40,openmp sorting network,973600
60,40,sequential sorting network,969000
60,40,std::sort,481400
70,40,own sorting network,2602974000
70,40,openmp sorting network,1308400
70,40,sequential sorting network,1280600
70,40,std::sort,637200
80,40,own sorting network,3350982800
80,40,openmp sorting network,1656500
80,40,sequential sorting network,1628100
80,40,std::sort,820500
90,40,own sorting network,4176295900
90,40,openmp sorting network,2044700
90,40,sequential sorting network,2023300
90,40,std::sort,1016200
100,40,own sorting network,5091851200
100,40,openmp sorting network,2483000
100,40,sequential sorting network,2470400
100,40,std::sort,1233000
10,48,own sorting network,109183100
10,48,openmp sorting network,58800
10,48,sequential sorting network,56300
10,48,std::sort,29200
20,48,own sorting network,324301100
20,48,openmp sorting network,171600
20,48,sequential sorting network,167300
20,48,std::sort,84800
30,48,own sorting network,652491000
30,48,openmp sorting network,347900
30,48,sequential sorting network,333000
30,48,std::sort,171100
40,48,own sorting network,1091210800
40,48,openmp sorting network,571500
40,48,sequential sorting network,554600
40,48,std::sort,283300
50,48,own sorting network,1643930600
50,48,openmp sorting network,848100
50,48,sequential sorting network,854300
50,48,std::sort,423900
60,48,own sorting network,2289405600
60,48,openmp sorting network,1179700
60,48,sequential sorting network,1194300
60,48,std::sort,592400
70,48,own sorting network,3046825400
70,48,openmp sorting network,1558100
70,48,sequential sorting network,1586700
70,48,std::sort,785700
80,48,own sorting network,3914436500
80,48,openmp sorting network,1998500
80,48,sequential sorting network,2033400
80,48,std::sort,1010700
90,48,own sorting network,4889655900
90,48,openmp sorting network,2504900
90,48,sequential sorting network,2536700
90,48,std::sort,1261800
100,48,own sorting network,5963880600
100,48,openmp sorting network,3060200
100,48,sequential sorting network,3089600
100,48,std::sort,1541400
10,56,own sorting network,124692900
10,56,openmp sorting network,70000
10,56,sequential sorting network,68100
10,56,std::sort,35000
20,56,own sorting network,373821700
20,56,openmp sorting network,202800
20,56,sequential sorting network,199100
20,56,std::sort,102600
30,56,own sorting network,745929600
30,56,openmp sorting network,410700
30,56,sequential sorting network,397600
30,56,std::sort,203000
40,56,own sorting network,1250844700
40,56,openmp sorting network,672000
40,56,sequential sorting network,656700
40,56,std::sort,344500
50,56,own sorting network,1872405000
50,56,openmp sorting network,1023500
50,56,sequential sorting network,998200
50,56,std::sort,513100
60,56,own sorting network,2628030200
60,56,openmp sorting network,1421300
60,56,sequential sorting network,1386200
60,56,std::sort,711800
70,56,own sorting network,3499129400
70,56,openmp sorting network,1882000
70,56,sequential sorting network,1969700
70,56,std::sort,942400
80,56,own sorting network,4495378500
80,56,openmp sorting network,2534300
80,56,sequential sorting network,2486500
80,56,std::sort,1212500
90,56,own sorting network,5616400100
90,56,openmp sorting network,3134900
90,56,sequential sorting network,3096100
90,56,std::sort,1517300
100,56,own sorting network,6870870000
100,56,openmp sorting network,3827200
100,56,sequential sorting network,3787900
100,56,std::sort,1854100
10,64,own sorting network,142365500
10,64,openmp sorting network,83500
10,64,sequential sorting network,80500
10,64,std::sort,41100
20,64,own sorting network,424208500
20,64,openmp sorting network,240400
20,64,sequential sorting network,246100
20,64,std::sort,119000
30,64,own sorting network,843191700
30,64,openmp sorting network,480200
30,64,sequential sorting network,483600
30,64,std::sort,249900
40,64,own sorting network,1400871700
40,64,openmp sorting network,823300
40,64,sequential sorting network,840600
40,64,std::sort,416500
50,64,own sorting network,2120779400
50,64,openmp sorting network,1217500
50,64,sequential sorting network,1231400
50,64,std::sort,615300
60,64,own sorting network,2969142400
60,64,openmp sorting network,1672700
60,64,sequential sorting network,1697500
60,64,std::sort,847200
70,64,own sorting network,3947499500
70,64,openmp sorting network,2213800
70,64,sequential sorting network,2242500
70,64,std::sort,1116100
80,64,own sorting network,5076360600
80,64,openmp sorting network,2854800
80,64,sequential sorting network,2882500
80,64,std::sort,1435000
90,64,own sorting network,6356812300
90,64,openmp sorting network,3554900
90,64,sequential sorting network,3583000
90,64,std::sort,1781400
100,64,own sorting network,7757126200
100,64,openmp sorting network,4333000
100,64,sequential sorting network,4365000
100,64,std::sort,2184200
10,72,own sorting network,205247800
10,72,openmp sorting network,108000
10,72,sequential sorting network,104900
10,72,std::sort,45900
20,72,own sorting network,626163600
20,72,openmp sorting network,321700
20,72,sequential sorting network,326200
20,72,std::sort,138500
30,72,own sorting network,1243325700
30,72,openmp sorting network,627400
30,72,sequential sorting network,633700
30,72,std::sort,292900
40,72,own sorting network,2087945500
40,72,openmp sorting network,1031900
40,72,sequential sorting network,1037100
40,72,std::sort,472000
50,72,own sorting network,3132395000
50,72,openmp sorting network,1542700
50,72,sequential sorting network,1557700
50,72,std::sort,696000
60,72,own sorting network,4367498600
60,72,openmp sorting network,2148900
60,72,sequential sorting network,2255100
60,72,std::sort,963000
70,72,own sorting network,5824872500
70,72,openmp sorting network,2860400
70,72,sequential sorting network,2970500
70,72,std::sort,1282900
80,72,own sorting network,7482831500
80,72,openmp sorting network,3707600
80,72,sequential sorting network,3816100
80,72,std::sort,1648000
90,72,own sorting network,9341061200
90,72,openmp sorting network,4635500
90,72,sequential sorting network,4738300
90,72,std::sort,2081700
100,72,own sorting network,11423962500
100,72,openmp sorting network,5672200
100,72,sequential sorting network,5751900
100,72,std::sort,2524000
10,80,own sorting network,233200100
10,80,openmp sorting network,122200
10,80,sequential sorting network,118900
10,80,std::sort,52200
20,80,own sorting network,690742600
20,80,openmp sorting network,348000
20,80,sequential sorting network,344300
20,80,std::sort,152100
30,80,own sorting network,1387383200
30,80,openmp sorting network,684900
30,80,sequential sorting network,680500
30,80,std::sort,302300
40,80,own sorting network,2299603200
40,80,openmp sorting network,1152600
40,80,sequential sorting network,1135900
40,80,std::sort,506300
50,80,own sorting network,3435852100
50,80,openmp sorting network,1733900
50,80,sequential sorting network,1688400
50,80,std::sort,760500
60,80,own sorting network,4806501600
60,80,openmp sorting network,2417600
60,80,sequential sorting network,2385800
60,80,std::sort,1064600
70,80,own sorting network,6408906600
70,80,openmp sorting network,3201400
70,80,sequential sorting network,3170900
70,80,std::sort,1409700
80,80,own sorting network,8224328300
80,80,openmp sorting network,4137000
80,80,sequential sorting network,4086700
80,80,std::sort,1813800
90,80,own sorting network,10269363300
90,80,openmp sorting network,5162500
90,80,sequential sorting network,5096900
90,80,std::sort,2256000
100,80,own sorting network,12542964800
100,80,openmp sorting network,6270200
100,80,sequential sorting network,6214600
100,80,std::sort,2746600
10,88,own sorting network,251992500
10,88,openmp sorting network,132900
10,88,sequential sorting network,130000
10,88,std::sort,58500
20,88,own sorting network,742750800
20,88,openmp sorting network,406600
20,88,sequential sorting network,390200
20,88,std::sort,170700
30,88,own sorting network,1485349100
30,88,openmp sorting network,801200
30,88,sequential sorting network,773300
30,88,std::sort,350600
40,88,own sorting network,2500215800
40,88,openmp sorting network,1296800
40,88,sequential sorting network,1276400
40,88,std::sort,572700
50,88,own sorting network,3772429500
50,88,openmp sorting network,1927200
50,88,sequential sorting network,1915700
50,88,std::sort,858600
60,88,own sorting network,5275054600
60,88,openmp sorting network,2717700
60,88,sequential sorting network,2716200
60,88,std::sort,1210200
70,88,own sorting network,7042122500
70,88,openmp sorting network,3605700
70,88,sequential sorting network,3613200
70,88,std::sort,1596600
80,88,own sorting network,9062024500
80,88,openmp sorting network,4629700
80,88,sequential sorting network,4644700
80,88,std::sort,2064600
90,88,own sorting network,11319491100
90,88,openmp sorting network,5754300
90,88,sequential sorting network,5787700
90,88,std::sort,2558300
100,88,own sorting network,13800833200
100,88,openmp sorting network,7019200
100,88,sequential sorting network,7064000
100,88,std::sort,3141200
10,96,own sorting network,276019900
10,96,openmp sorting network,165200
10,96,sequential sorting network,143600
10,96,std::sort,65200
20,96,own sorting network,812563800
20,96,openmp sorting network,447900
20,96,sequential sorting network,424000
20,96,std::sort,191400
30,96,own sorting network,1623264800
30,96,openmp sorting network,865200
30,96,sequential sorting network,853300
30,96,std::sort,375900
40,96,own sorting network,2702063800
40,96,openmp sorting network,1463000
40,96,sequential sorting network,1419400
40,96,std::sort,625700
50,96,own sorting network,4031406100
50,96,openmp sorting network,2168500
50,96,sequential sorting network,2128100
50,96,std::sort,938400
60,96,own sorting network,5618003900
60,96,openmp sorting network,2977900
60,96,sequential sorting network,2972400
60,96,std::sort,1313900
70,96,own sorting network,7462811200
70,96,openmp sorting network,3931800
70,96,sequential sorting network,3927500
70,96,std::sort,1758200
80,96,own sorting network,9521435000
80,96,openmp sorting network,5042700
80,96,sequential sorting network,5016100
80,96,std::sort,2251800
90,96,own sorting network,11939078800
90,96,openmp sorting network,6257400
90,96,sequential sorting network,6400200
90,96,std::sort,2798300
100,96,own sorting network,14508272500
100,96,openmp sorting network,7648900
100,96,sequential sorting network,7818000
100,96,std::sort,3429000
10,104,own sorting network,278024200
10,104,openmp sorting network,161100
10,104,sequential sorting network,157100
10,104,std::sort,71900
20,104,own sorting network,808950900
20,104,openmp sorting network,473100
20,104,sequential sorting network,482400
20,104,std::sort,210600
30,104,own sorting network,1610477900
30,104,openmp sorting network,962100
30,104,sequential sorting network,977600
30,104,std::sort,428800
40,104,own sorting network,2658143300
40,104,openmp sorting network,1578000
40,104,sequential sorting network,1592500
40,104,std::sort,737800
50,104,own sorting network,3974879400
50,104,openmp sorting network,2359600
50,104,sequential sorting network,2361600
50,104,std::sort,1080900
60,104,own sorting network,5598121000
60,104,openmp sorting network,3341600
60,104,sequential sorting network,3371100
60,104,std::sort,1543900
70,104,own sorting network,7470121900
70,104,openmp sorting network,4452300
70,104,sequential sorting network,4475300
70,104,std::sort,2044700
80,104,own sorting network,9591110900
80,104,openmp sorting network,5686200
80,104,sequential sorting network,5722800
80,104,std::sort,2594600
90,104,own sorting network,12028441600
90,104,openmp sorting network,7134200
90,104,sequential sorting network,7106500
90,104,std::sort,3215900
100,104,own sorting network,14692675300
100,104,openmp sorting network,8797800
100,104,sequential sorting network,8796600
100,104,std::sort,3973500
10,112,own sorting network,294696700
10,112,openmp sorting network,176100
10,112,sequential sorting network,182400
10,112,std::sort,79100
20,112,own sorting network,869323600
20,112,openmp sorting network,514000
20,112,sequential sorting network,518500
20,112,std::sort,229900
30,112,own sorting network,1711686600
30,112,openmp sorting network,1027000
30,112,sequential sorting network,1027300
30,112,std::sort,455800
40,112,own sorting network,2845165300
40,112,openmp sorting network,1701700
40,112,sequential sorting network,1693400
40,112,std::sort,839300
50,112,own sorting network,4258819200
50,112,openmp sorting network,2567900
50,112,sequential sorting network,2553000
50,112,std::sort,1224900
60,112,own sorting network,6137714900
60,112,openmp sorting network,3594000
60,112,sequential sorting network,3598300
60,112,std::sort,1694600
70,112,own sorting network,8226891800
70,112,openmp sorting network,4790500
70,112,sequential sorting network,4812600
70,112,std::sort,2254800
80,112,own sorting network,10666816400
80,112,openmp sorting network,6171000
80,112,sequential sorting network,6155400
80,112,std::sort,2856800
90,112,own sorting network,13387124200
90,112,openmp sorting network,7749800
90,112,sequential sorting network,7665300
90,112,std::sort,3537300
100,112,own sorting network,16469672900
100,112,openmp sorting network,9402800
100,112,sequential sorting network,9339300
100,112,std::sort,4293200
10,120,own sorting network,327588900
10,120,openmp sorting network,199700
10,120,sequential sorting network,182600
10,120,std::sort,89800
20,120,own sorting network,984251400
20,120,openmp sorting network,565100
20,120,sequential sorting network,545400
20,120,std::sort,262200
30,120,own sorting network,1996146100
30,120,openmp sorting network,1129400
30,120,sequential sorting network,1087500
30,120,std::sort,507100
40,120,own sorting network,3327152300
40,120,openmp sorting network,1859600
40,120,sequential sorting network,1818200
40,120,std::sort,836000
50,120,own sorting network,4964144600
50,120,openmp sorting network,2768000
50,120,sequential sorting network,2716900
50,120,std::sort,1242600
60,120,own sorting network,6951277500
60,120,openmp sorting network,3855400
60,120,sequential sorting network,3800900
60,120,std::sort,1737600
70,120,own sorting network,9276139100
70,120,openmp sorting network,5117400
70,120,sequential sorting network,5145600
70,120,std::sort,2313300
80,120,own sorting network,11878040300
80,120,openmp sorting network,6575400
80,120,sequential sorting network,6639300
80,120,std::sort,2969600
90,120,own sorting network,14763976500
90,120,openmp sorting network,8213700
90,120,sequential sorting network,8302300
90,120,std::sort,3698200
100,120,own sorting network,18051233100
100,120,openmp sorting network,10038800
100,120,sequential sorting network,10114300
100,120,std::sort,4509300
10,128,own sorting network,348429500
10,128,openmp sorting network,209400
10,128,sequential sorting network,201100
10,128,std::sort,88300
20,128,own sorting network,1029506600
20,128,openmp sorting network,613200
20,128,sequential sorting network,595200
20,128,std::sort,273300
30,128,own sorting network,2052188700
30,128,openmp sorting network,1197800
30,128,sequential sorting network,1190200
30,128,std::sort,535700
40,128,own sorting network,3441049100
40,128,openmp sorting network,1971700
40,128,sequential sorting network,1961600
40,128,std::sort,878900
50,128,own sorting network,5130958400
50,128,openmp sorting network,2949700
50,128,sequential sorting network,2960600
50,128,std::sort,1317000
60,128,own sorting network,7186585700
60,128,openmp sorting network,4104200
60,128,sequential sorting network,4131100
60,128,std::sort,1828900
70,128,own sorting network,9528110200
70,128,openmp sorting network,5516500
70,128,sequential sorting network,5539500
70,128,std::sort,2465900
80,128,own sorting network,12193377900
80,128,openmp sorting network,7096300
80,128,sequential sorting network,7107500
80,128,std::sort,3176000
90,128,own sorting network,15215522600
90,128,openmp sorting network,8829600
90,128,sequential sorting network,8827500
90,128,std::sort,3963400
100,128,own sorting network,18552765100
100,128,openmp sorting network,10733300
100,128,sequential sorting network,10754800
100,128,std::sort,4827200
10,136,own sorting network,452795400
10,136,openmp sorting network,246900
10,136,sequential sorting network,243000
10,136,std::sort,95800
20,136,own sorting network,1380634100
20,136,openmp sorting network,724200
20,136,sequential sorting network,718700
20,136,std::sort,287700
30,136,own sorting network,2758534400
30,136,openmp sorting network,1435200
30,136,sequential sorting network,1448100
30,136,std::sort,562200
40,136,own sorting network,4486099600
40,136,openmp sorting network,2408600
40,136,sequential sorting network,2417800
40,136,std::sort,950200
50,136,own sorting network,6550368000
50,136,openmp sorting network,3643900
50,136,sequential sorting network,3615100
50,136,std::sort,1418300
60,136,own sorting network,9033981500
60,136,openmp sorting network,5077600
60,136,sequential sorting network,5010300
60,136,std::sort,1969800
70,136,own sorting network,11972450300
70,136,openmp sorting network,6782800
70,136,sequential sorting network,6695300
70,136,std::sort,2627700
80,136,own sorting network,15494063300
80,136,openmp sorting network,8680300
80,136,sequential sorting network,8567800
80,136,std::sort,3378600
90,136,own sorting network,19698124500
90,136,openmp sorting network,10861900
90,136,sequential sorting network,10828300
90,136,std::sort,4251900
100,136,own sorting network,24404607700
100,136,openmp sorting network,13272200
100,136,sequential sorting network,13250200
100,136,std::sort,5201300
10,144,own sorting network,496743300
10,144,openmp sorting network,260900
10,144,sequential sorting network,271600
10,144,std::sort,102700
20,144,own sorting network,1496092700
20,144,openmp sorting network,795800
20,144,sequential sorting network,781200
20,144,std::sort,306800
30,144,own sorting network,2960625000
30,144,openmp sorting network,1626500
30,144,sequential sorting network,1575300
30,144,std::sort,619100
40,144,own sorting network,4921144900
40,144,openmp sorting network,2655600
40,144,sequential sorting network,2604200
40,144,std::sort,1031400
50,144,own sorting network,7416140200
50,144,openmp sorting network,3974400
50,144,sequential sorting network,3938900
50,144,std::sort,1547800
60,144,own sorting network,10408117900
60,144,openmp sorting network,5523500
60,144,sequential sorting network,5489400
60,144,std::sort,2157500
70,144,own sorting network,13855084100
70,144,openmp sorting network,7309800
70,144,sequential sorting network,7296800
70,144,std::sort,2874300
80,144,own sorting network,17826615900
80,144,openmp sorting network,9384200
80,144,sequential sorting network,9348300
80,144,std::sort,3714800
90,144,own sorting network,22144214400
90,144,openmp sorting network,11827100
90,144,sequential sorting network,11777100
90,144,std::sort,4671800
100,144,own sorting network,27068275400
100,144,openmp sorting network,14566300
100,144,sequential sorting network,14403400
100,144,std::sort,5710700
10,152,own sorting network,497923400
10,152,openmp sorting network,286400
10,152,sequential sorting network,313500
10,152,std::sort,113100
20,152,own sorting network,1432076100
20,152,openmp sorting network,856600
20,152,sequential sorting network,880700
20,152,std::sort,336200
30,152,own sorting network,2814833700
30,152,openmp sorting network,1674800
30,152,sequential sorting network,1697300
30,152,std::sort,659300
40,152,own sorting network,4620645900
40,152,openmp sorting network,2759300
40,152,sequential sorting network,2796600
40,152,std::sort,1119300
50,152,own sorting network,6849319000
50,152,openmp sorting network,4237100
50,152,sequential sorting network,4236300
50,152,std::sort,1686100
60,152,own sorting network,9478060700
60,152,openmp sorting network,5858500
60,152,sequential sorting network,5903400
60,152,std::sort,2329500
70,152,own sorting network,12551532900
70,152,openmp sorting network,7791100
70,152,sequential sorting network,7930000
70,152,std::sort,3088200
80,152,own sorting network,16055436100
80,152,openmp sorting network,9969200
80,152,sequential sorting network,10106300
80,152,std::sort,3949300
90,152,own sorting network,20079698200
90,152,openmp sorting network,12430200
90,152,sequential sorting network,12601200
90,152,std::sort,4918500
100,152,own sorting network,24666568700
100,152,openmp sorting network,15159300
100,152,sequential sorting network,15330800
100,152,std::sort,6000700
10,160,own sorting network,484360600
10,160,openmp sorting network,290000
10,160,sequential sorting network,302800
10,160,std::sort,115900
20,160,own sorting network,1406978500
20,160,openmp sorting network,864300
20,160,sequential sorting network,883500
20,160,std::sort,342900
30,160,own sorting network,2755227400
30,160,openmp sorting network,1722300
30,160,sequential sorting network,1753300
30,160,std::sort,687200
40,160,own sorting network,4571930900
40,160,openmp sorting network,2874600
40,160,sequential sorting network,2922800
40,160,std::sort,1149000
50,160,own sorting network,6897347700
50,160,openmp sorting network,4290500
50,160,sequential sorting network,4340800
50,160,std::sort,1725400
60,160,own sorting network,9988214700
60,160,openmp sorting network,6002900
60,160,sequential sorting network,6055200
60,160,std::sort,2406500
70,160,own sorting network,13357546700
70,160,openmp sorting network,8963600
70,160,sequential sorting network,8400100
70,160,std::sort,3506900
80,160,own sorting network,17509624300
80,160,openmp sorting network,11266300
80,160,sequential sorting network,10673000
80,160,std::sort,4445600
90,160,own sorting network,22084520500
90,160,openmp sorting network,14187900
90,160,sequential sorting network,13291400
90,160,std::sort,5500900
100,160,own sorting network,26675827000
100,160,openmp sorting network,17348800
100,160,sequential sorting network,16395800
100,160,std::sort,6779500
10,168,own sorting network,442146500
10,168,openmp sorting network,330800
10,168,sequential sorting network,326300
10,168,std::sort,141100
20,168,own sorting network,1376457500
20,168,openmp sorting network,1235700
20,168,sequential sorting network,1217500
20,168,std::sort,412400
30,168,own sorting network,2696886500
30,168,openmp sorting network,2197600
30,168,sequential sorting network,2309200
30,168,std::sort,793000
40,168,own sorting network,4625742100
40,168,openmp sorting network,3478700
40,168,sequential sorting network,3586000
40,168,std::sort,1305000
50,168,own sorting network,6981675300
50,168,openmp sorting network,5025700
50,168,sequential sorting network,5148100
50,168,std::sort,1916300
60,168,own sorting network,9625402400
60,168,openmp sorting network,7205000
60,168,sequential sorting network,7412600
60,168,std::sort,2827900
70,168,own sorting network,12868588000
70,168,openmp sorting network,9578200
70,168,sequential sorting network,9770700
70,168,std::sort,3798800
80,168,own sorting network,16384244900
80,168,openmp sorting network,12162100
80,168,sequential sorting network,12438000
80,168,std::sort,4823800
90,168,own sorting network,21120719400
90,168,openmp sorting network,15161500
90,168,sequential sorting network,15400800
90,168,std::sort,6005900
100,168,own sorting network,25761296400
100,168,openmp sorting network,18312300
100,168,sequential sorting network,18825600
100,168,std::sort,7264400
10,176,own sorting network,537546600
10,176,openmp sorting network,333600
10,176,sequential sorting network,319700
10,176,std::sort,128000
20,176,own sorting network,1607685200
20,176,openmp sorting network,974700
20,176,sequential sorting network,949200
20,176,std::sort,406100
30,176,own sorting network,3225592600
30,176,openmp sorting network,1935600
30,176,sequential sorting network,1928700
30,176,std::sort,788400
40,176,own sorting network,5021017900
40,176,openmp sorting network,3306700
40,176,sequential sorting network,3276700
40,176,std::sort,1361000
50,176,own sorting network,7271488500
50,176,openmp sorting network,5123700
50,176,sequential sorting network,5084700
50,176,std::sort,2041900
60,176,own sorting network,9961787700
60,176,openmp sorting network,7232200
60,176,sequential sorting network,7199500
60,176,std::sort,2926300
70,176,own sorting network,13363114100
70,176,openmp sorting network,9511400
70,176,sequential sorting network,9485200
70,176,std::sort,3882200
80,176,own sorting network,17582846800
80,176,openmp sorting network,12149400
80,176,sequential sorting network,12106200
80,176,std::sort,5000600
90,176,own sorting network,22376741300
90,176,openmp sorting network,15089300
90,176,sequential sorting network,15059800
90,176,std::sort,6195100
100,176,own sorting network,27658120200
100,176,openmp sorting network,18278400
100,176,sequential sorting network,18233800
100,176,std::sort,7473600
10,184,own sorting network,583977100
10,184,openmp sorting network,338300
10,184,sequential sorting network,343400
10,184,std::sort,135400
20,184,own sorting network,1727649500
20,184,openmp sorting network,1005800
20,184,sequential sorting network,1020200
20,184,std::sort,412500
30,184,own sorting network,3521603000
30,184,openmp sorting network,2015000
30,184,sequential sorting network,2026300
30,184,std::sort,814100
40,184,own sorting network,5900752400
40,184,openmp sorting network,3371000
40,184,sequential sorting network,3364800
40,184,std::sort,1352400
50,184,own sorting network,8871030400
50,184,openmp sorting network,5076300
50,184,sequential sorting network,5072000
50,184,std::sort,2045500
60,184,own sorting network,12207175900
60,184,openmp sorting network,7091000
60,184,sequential sorting network,7076700
60,184,std::sort,2878500
70,184,own sorting network,15925417600
70,184,openmp sorting network,9715500
70,184,sequential sorting network,9780200
70,184,std::sort,3926000
80,184,own sorting network,19559845100
80,184,openmp sorting network,12738300
80,184,sequential sorting network,12777500
80,184,std::sort,5129400
90,184,own sorting network,23519202500
90,184,openmp sorting network,16060900
90,184,sequential sorting network,16103200
90,184,std::sort,6443800
100,184,own sorting network,27638827500
100,184,openmp sorting network,19673100
100,184,sequential sorting network,19642000
100,184,std::sort,7864600
10,192,own sorting network,468474100
10,192,openmp sorting network,472000
10,192,sequential sorting network,433800
10,192,std::sort,152000
20,192,own sorting network,1306333700
20,192,openmp sorting network,1257200
20,192,sequential sorting network,1201000
20,192,std::sort,458500
30,192,own sorting network,2551026900
30,192,openmp sorting network,2340500
30,192,sequential sorting network,2283100
30,192,std::sort,939300
40,192,own sorting network,4376959700
40,192,openmp sorting network,3819200
40,192,sequential sorting network,3751000
40,192,std::sort,1572900
50,192,own sorting network,6663226400
50,192,openmp sorting network,5833800
50,192,sequential sorting network,5874700
50,192,std::sort,2376000
60,192,own sorting network,9599876800
60,192,openmp sorting network,8104800
60,192,sequential sorting network,8158700
60,192,std::sort,3273800
70,192,own sorting network,12532686200
70,192,openmp sorting network,10825800
70,192,sequential sorting network,10921900
70,192,std::sort,4368800
80,192,own sorting network,15997629300
80,192,openmp sorting network,13712600
80,192,sequential sorting network,13853000
80,192,std::sort,5531000
90,192,own sorting network,19885290600
90,192,openmp sorting network,17279100
90,192,sequential sorting network,17312400
90,192,std::sort,6910400
100,192,own sorting network,24574812100
100,192,openmp sorting network,20866600
100,192,sequential sorting network,20816000
100,192,std::sort,8328800
10,200,own sorting network,433341900
10,200,openmp sorting network,406400
10,200,sequential sorting network,391800
10,200,std::sort,158600
20,200,own sorting network,1403937800
20,200,openmp sorting network,1229900
20,200,sequential sorting network,1195700
20,200,std::sort,477800
30,200,own sorting network,2906470200
30,200,openmp sorting network,2314600
30,200,sequential sorting network,2276900
30,200,std::sort,937500
40,200,own sorting network,5005002500
40,200,openmp sorting network,3825100
40,200,sequential sorting network,3741900
40,200,std::sort,1526500
50,200,own sorting network,7949990900
50,200,openmp sorting network,5673000
50,200,sequential sorting network,5585700
50,200,std::sort,2271100
60,200,own sorting network,10964991300
60,200,openmp sorting network,8291600
60,200,sequential sorting network,8186500
60,200,std::sort,3346300
70,200,own sorting network,14452400200
70,200,openmp sorting network,10859900
70,200,sequential sorting network,10727300
70,200,std::sort,4367600
80,200,own sorting network,19080799900
80,200,openmp sorting network,13843500
80,200,sequential sorting network,13677200
80,200,std::sort,5587900
90,200,own sorting network,24188687800
90,200,openmp sorting network,17274300
90,200,sequential sorting network,17071200
90,200,std::sort,6967600
100,200,own sorting network,29834621200
100,200,openmp sorting network,21155800
100,200,sequential sorting network,20990600
100,200,std::sort,8539400
10,208,own sorting network,533856000
10,208,openmp sorting network,435800
10,208,sequential sorting network,567800
10,208,std::sort,175200
20,208,own sorting network,1585237400
20,208,openmp sorting network,1254100
20,208,sequential sorting network,1409800
20,208,std::sort,504000
30,208,own sorting network,3239358500
30,208,openmp sorting network,2407700
30,208,sequential sorting network,2584100
30,208,std::sort,969300
40,208,own sorting network,5312119000
40,208,openmp sorting network,3977400
40,208,sequential sorting network,4167300
40,208,std::sort,1684200
50,208,own sorting network,8011423600
50,208,openmp sorting network,5921400
50,208,sequential sorting network,6093000
50,208,std::sort,2483600
60,208,own sorting network,11050699100
60,208,openmp sorting network,8473400
60,208,sequential sorting network,8638200
60,208,std::sort,3556700
70,208,own sorting network,14141211200
70,208,openmp sorting network,12014100
70,208,sequential sorting network,11893300
70,208,std::sort,4761000
80,208,own sorting network,18098185000
80,208,openmp sorting network,15266000
80,208,sequential sorting network,15265300
80,208,std::sort,6073600
90,208,own sorting network,23444716300
90,208,openmp sorting network,19893500
90,208,sequential sorting network,18992700
90,208,std::sort,8095600
100,208,own sorting network,29798595400
100,208,openmp sorting network,24240600
100,208,sequential sorting network,23323200
100,208,std::sort,9826800
10,216,own sorting network,469728700
10,216,openmp sorting network,468000
10,216,sequential sorting network,446000
10,216,std::sort,189300
20,216,own sorting network,1593130200
20,216,openmp sorting network,1321400
20,216,sequential sorting network,1298400
20,216,std::sort,527900
30,216,own sorting network,3303896200
30,216,openmp sorting network,2626600
30,216,sequential sorting network,2597100
30,216,std::sort,1037000
40,216,own sorting network,5714475400
40,216,openmp sorting network,4366800
40,216,sequential sorting network,4283000
40,216,std::sort,1762100
50,216,own sorting network,8561531700
50,216,openmp sorting network,6407800
50,216,sequential sorting network,6308400
50,216,std::sort,2573300
60,216,own sorting network,11982193200
60,216,openmp sorting network,8902100
60,216,sequential sorting network,8803200
60,216,std::sort,3568000
70,216,own sorting network,16005564100
70,216,openmp sorting network,11732000
70,216,sequential sorting network,11604800
70,216,std::sort,4700300
80,216,own sorting network,20875120300
80,216,openmp sorting network,15103600
80,216,sequential sorting network,15061000
80,216,std::sort,6079900
90,216,own sorting network,25863299000
90,216,openmp sorting network,18886700
90,216,sequential sorting network,18883300
90,216,std::sort,7616100
100,216,own sorting network,30620611400
100,216,openmp sorting network,23127700
100,216,sequential sorting network,23111900
100,216,std::sort,9341500
10,224,own sorting network,546127100
10,224,openmp sorting network,442600
10,224,sequential sorting network,428300
10,224,std::sort,174400
20,224,own sorting network,1602403000
20,224,openmp sorting network,1324800
20,224,sequential sorting network,1335400
20,224,std::sort,528100
30,224,own sorting network,3136361600
30,224,openmp sorting network,2736600
30,224,sequential sorting network,2718500
30,224,std::sort,1094900
40,224,own sorting network,5134541600
40,224,openmp sorting network,4443900
40,224,sequential sorting network,4425300
40,224,std::sort,1782300
50,224,own sorting network,7656712900
50,224,openmp sorting network,6579700
50,224,sequential sorting network,6549500
50,224,std::sort,2674000
60,224,own sorting network,10821155800
60,224,openmp sorting network,9108500
60,224,sequential sorting network,9044500
60,224,std::sort,3693200
70,224,own sorting network,14234655700
70,224,openmp sorting network,12601400
70,224,sequential sorting network,12668500
70,224,std::sort,4984000
80,224,own sorting network,18407544800
80,224,openmp sorting network,16106000
80,224,sequential sorting network,16204000
80,224,std::sort,6396900
90,224,own sorting network,23491406000
90,224,openmp sorting network,19971800
90,224,sequential sorting network,20078600
90,224,std::sort,7957400
100,224,own sorting network,27798313000
100,224,openmp sorting network,24586000
100,224,sequential sorting network,24679400
100,224,std::sort,9821600
10,232,own sorting network,545687800
10,232,openmp sorting network,450900
10,232,sequential sorting network,436300
10,232,std::sort,176900
20,232,own sorting network,1581425500
20,232,openmp sorting network,1348500
20,232,sequential sorting network,1332700
20,232,std::sort,540300
30,232,own sorting network,3123019500
30,232,openmp sorting network,2790200
30,232,sequential sorting network,2700800
30,232,std::sort,1106100
40,232,own sorting network,4819560900
40,232,openmp sorting network,4801000
40,232,sequential sorting network,4665800
40,232,std::sort,1880400
50,232,own sorting network,7291465700
50,232,openmp sorting network,7057900
50,232,sequential sorting network,6857000
50,232,std::sort,2752700
60,232,own sorting network,10661224800
60,232,openmp sorting network,9697900
60,232,sequential sorting network,9473200
60,232,std::sort,3825100
70,232,own sorting network,15299151600
70,232,openmp sorting network,12740800
70,232,sequential sorting network,12502900
70,232,std::sort,5052800
80,232,own sorting network,19891639500
80,232,openmp sorting network,16272400
80,232,sequential sorting network,16936500
80,232,std::sort,6464000
90,232,own sorting network,24538124400
90,232,openmp sorting network,20476700
90,232,sequential sorting network,21713100
90,232,std::sort,8158400
100,232,own sorting network,30022292000
100,232,openmp sorting network,24828500
100,232,sequential sorting network,26252000
100,232,std::sort,9914600
10,240,own sorting network,587131700
10,240,openmp sorting network,464000
10,240,sequential sorting network,449600
10,240,std::sort,183900
20,240,own sorting network,1745892100
20,240,openmp sorting network,1476200
20,240,sequential sorting network,1431700
20,240,std::sort,580300
30,240,own sorting network,3860642400
30,240,openmp sorting network,2827800
30,240,sequential sorting network,2877500
30,240,std::sort,1136400
40,240,own sorting network,6581607700
40,240,openmp sorting network,4646000
40,240,sequential sorting network,4703100
40,240,std::sort,1873700
50,240,own sorting network,10071522500
50,240,openmp sorting network,6877900
50,240,sequential sorting network,6984200
50,240,std::sort,2791400
60,240,own sorting network,14095338400
60,240,openmp sorting network,9992300
60,240,sequential sorting network,10017300
60,240,std::sort,4030300
70,240,own sorting network,18370905500
70,240,openmp sorting network,13084700
70,240,sequential sorting network,13107700
70,240,std::sort,5281300
80,240,own sorting network,24062852900
80,240,openmp sorting network,16779100
80,240,sequential sorting network,16850200
80,240,std::sort,6841100
90,240,own sorting network,30618422600
90,240,openmp sorting network,20747700
90,240,sequential sorting network,20793500
90,240,std::sort,8457400
100,240,own sorting network,37933931700
100,240,openmp sorting network,25359800
100,240,sequential sorting network,25291800
100,240,std::sort,10284200
10,248,own sorting network,757710900
10,248,openmp sorting network,470700
10,248,sequential sorting network,477100
10,248,std::sort,190700
20,248,own sorting network,2275575700
20,248,openmp sorting network,1433100
20,248,sequential sorting network,1439800
20,248,std::sort,586000
30,248,own sorting network,4589889500
30,248,openmp sorting network,2837600
30,248,sequential sorting network,2873200
30,248,std::sort,1163600
40,248,own sorting network,7455118400
40,248,openmp sorting network,4766400
40,248,sequential sorting network,4793100
40,248,std::sort,1944100
50,248,own sorting network,10822601500
50,248,openmp sorting network,7324300
50,248,sequential sorting network,7366700
50,248,std::sort,2995200
60,248,own sorting network,15348447100
60,248,openmp sorting network,10130800
60,248,sequential sorting network,10173500
60,248,std::sort,4189500
70,248,own sorting network,19491089200
70,248,openmp sorting network,13467300
70,248,sequential sorting network,13528400
70,248,std::sort,5547200
80,248,own sorting network,24312941100
80,248,openmp sorting network,17198600
80,248,sequential sorting network,17354500
80,248,std::sort,7067800
90,248,own sorting network,30029024600
90,248,openmp sorting network,21492200
90,248,sequential sorting network,21690800
90,248,std::sort,8854500
100,248,own sorting network,37231901600
100,248,openmp sorting network,26198900
100,248,sequential sorting network,26416100
100,248,std::sort,10768800
10,256,own sorting network,758683000
10,256,openmp sorting network,622300
10,256,sequential sorting network,483700
10,256,std::sort,199100
20,256,own sorting network,2227744100
20,256,openmp sorting network,1623800
20,256,sequential sorting network,1500300
20,256,std::sort,600200
30,256,own sorting network,4530507600
30,256,openmp sorting network,3068500
30,256,sequential sorting network,2990300
30,256,std::sort,1186300
40,256,own sorting network,7529533800
40,256,openmp sorting network,5012500
40,256,sequential sorting network,4928900
40,256,std::sort,1979200
50,256,own sorting network,11208589700
50,256,openmp sorting network,7431800
50,256,sequential sorting network,7387000
50,256,std::sort,2964800
60,256,own sorting network,15863277800
60,256,openmp sorting network,10347600
60,256,sequential sorting network,10319100
60,256,std::sort,4151500
70,256,own sorting network,21113737600
70,256,openmp sorting network,13734000
70,256,sequential sorting network,13770000
70,256,std::sort,5534800
80,256,own sorting network,27033278500
80,256,openmp sorting network,17730700
80,256,sequential sorting network,17762200
80,256,std::sort,7144600
90,256,own sorting network,33529564500
90,256,openmp sorting network,22107400
90,256,sequential sorting network,22119000
90,256,std::sort,8946900
100,256,own sorting network,41111258100
100,256,openmp sorting network,27063200
100,256,sequential sorting network,26977900
100,256,std::sort,10921800
